date	time	comment	HEAT_#96:_Volume_[sl/min]	HEAT_#96:_mass_[g/min]	HEAT_#96:_mass_[g/s]	shield_airshield_air_#96:_Volume_[sl/min]	shield_airshield_air_#96:_mass_[g/min]	shield_airshield_air_#96:_mass_[g/s]	T_Heater	T_Heater.set	0.0	0.1	0.2	0.3	AIR-MAI	AIR-MAI.set	AIR-PIL	AIR-PIL.set	AIRHEAT	AIRHEAT.set	CH4-PIL	CH4-PIL.set	H2-MAIN	H2-MAIN.set	H2-PILO	H2-PILO.set	N2	N2.set	NH3-MAI	NH3-MAI.set	ai0:_P0_plenum	ai0:_P0_plenum_Stabw	ai0:_T0_plenum	ai0:_T0_plenum_Stabw	ai0:_g0_137_hood	ai0:_g0_137_hood_Stabw	ai12:_HEAT_T1	ai12:_HEAT_T1_Stabw	ai13:_HEAT_T2	ai13:_HEAT_T2_Stabw	ai14:_HEAT_T3	ai14:_HEAT_T3_Stabw	ai15:_HEAT_T4	ai15:_HEAT_T4_Stabw	ai1:_P1_fuel_HEAT	ai1:_P1_fuel_HEAT_Stabw	ai1:_T1_main_air	ai1:_T1_main_air_Stabw	ai1:_g1_135_bur	ai1:_g1_135_bur_Stabw	ai2:_T2_pilot_air_1	ai2:_T2_pilot_air_1_Stabw	ai2:_g2_137_scr	ai2:_g2_137_scr_Stabw	ai3:_T3_pilot_air_2	ai3:_T3_pilot_air_2_Stabw	ai3:_g3_135_mfc	ai3:_g3_135_mfc_Stabw	ai4:_T4_por_in	ai4:_T4_por_in_Stabw	ai6:_T6_shield	ai6:_T6_shield_Stabw
			[°C]	[kg/m3]	[m3/s]	[sl/min]	[g/min]	[g/s]							L/MIN	L/MIN	L/MIN	L/MIN	L/MIN	L/MIN	L/MIN	L/MIN	L/MIN	L/MIN	L/MIN	L/MIN	L/Min	L/Min	L/Min	L/Min			°C	°C	V	V	°C	°C	°C	°C	°C	°C	°C	°C			°C	°C	V	V	°C	°C	V	V	°C	°C	V	V	°C	°C	°C	°C
																																																														
16.05.2025	16:42:05.3		3.341293E+0	4.320292E+0	7.200485E-2	3.341293E+0	4.320292E+0	7.200485E-2	5.377443E+2	5.340000E+2	0.000000E+0	0.000000E+0	0.000000E+0	0.000000E+0	1.008000E+2	1.000000E+2	3.502500E+2	3.500000E+2	3.044250E+0	3.100000E+0	3.600000E-1	0.000000E+0	2.000000E-1	0.000000E+0	6.000000E-1	0.000000E+0	1.500000E-1	0.000000E+0	1.200000E-1	0.000000E+0	0.000000E+0	0.000000E+0	0.000000E+0	0.000000E+0
16.05.2025	16:42:06.3		3.336624E+0	4.314255E+0	7.190426E-2	3.336624E+0	4.314255E+0	7.190426E-2	3.075111E+2	5.340000E+2	0.000000E+0	0.000000E+0	0.000000E+0	0.000000E+0	1.004000E+2	1.000000E+2	3.495000E+2	3.500000E+2	3.051675E+0	3.100000E+0	3.000000E-1	0.000000E+0	2.500000E-1	0.000000E+0	7.500000E-1	0.000000E+0	1.500000E-1	0.000000E+0	1.200000E-1	0.000000E+0	0.000000E+0	0.000000E+0	0.000000E+0	0.000000E+0
16.05.2025	16:42:07.3		3.339431E+0	4.317884E+0	7.196474E-2	3.339431E+0	4.317884E+0	7.196474E-2	5.372948E+2	5.340000E+2	0.000000E+0	0.000000E+0	0.000000E+0	0.000000E+0	1.008000E+2	1.000000E+2	3.502500E+2	3.500000E+2	3.051675E+0	3.100000E+0	3.600000E-1	0.000000E+0	1.500000E-1	0.000000E+0	6.000000E-1	0.000000E+0	1.500000E-1	0.000000E+0	1.500000E-1	0.000000E+0	0.000000E+0	0.000000E+0	0.000000E+0	0.000000E+0
16.05.2025	16:42:08.3		3.335056E+0	4.312228E+0	7.187047E-2	3.335871E+0	4.313281E+0	7.188801E-2	4.700000E+1	5.340000E+2	0.000000E+0	0.000000E+0	0.000000E+0	0.000000E+0	1.000000E+2	1.000000E+2	3.487500E+2	3.500000E+2	3.059100E+0	3.100000E+0	3.000000E-1	0.000000E+0	2.500000E-1	0.000000E+0	7.500000E-1	0.000000E+0	2.000000E-1	0.000000E+0	1.500000E-1	0.000000E+0	0.000000E+0	0.000000E+0	0.000000E+0	0.000000E+0
16.05.2025	16:42:09.3		3.331073E+0	4.307078E+0	7.178462E-2	3.331097E+0	4.307109E+0	7.178514E-2	5.396912E+2	5.340000E+2	0.000000E+0	0.000000E+0	0.000000E+0	0.000000E+0	1.000000E+2	1.000000E+2	3.510000E+2	3.500000E+2	3.044250E+0	3.100000E+0	3.600000E-1	0.000000E+0	1.500000E-1	0.000000E+0	9.000000E-1	0.000000E+0	1.000000E-1	0.000000E+0	1.500000E-1	0.000000E+0	0.000000E+0	0.000000E+0	0.000000E+0	0.000000E+0
16.05.2025	16:42:10.3		3.329512E+0	4.305059E+0	7.175099E-2	3.329512E+0	4.305059E+0	7.175099E-2	1.429618E+2	5.340000E+2	0.000000E+0	0.000000E+0	0.000000E+0	0.000000E+0	1.008000E+2	1.000000E+2	3.495000E+2	3.500000E+2	3.036825E+0	3.100000E+0	3.600000E-1	0.000000E+0	2.000000E-1	0.000000E+0	6.000000E-1	0.000000E+0	1.500000E-1	0.000000E+0	9.000000E-2	0.000000E+0	0.000000E+0	0.000000E+0	0.000000E+0	0.000000E+0
16.05.2025	16:42:11.3		3.330380E+0	4.306181E+0	7.176968E-2	3.331899E+0	4.308146E+0	7.180242E-2	5.388182E+2	5.340000E+2	0.000000E+0	0.000000E+0	0.000000E+0	0.000000E+0	1.000000E+2	1.000000E+2	3.502500E+2	3.500000E+2	3.059100E+0	3.100000E+0	3.000000E-1	0.000000E+0	2.500000E-1	0.000000E+0	7.500000E-1	0.000000E+0	1.500000E-1	0.000000E+0	1.200000E-1	0.000000E+0	0.000000E+0	0.000000E+0	0.000000E+0	0.000000E+0
16.05.2025	16:42:12.3		3.329263E+0	4.304737E+0	7.174562E-2	3.329532E+0	4.305085E+0	7.175141E-2	3.019566E+2	5.340000E+2	0.000000E+0	0.000000E+0	0.000000E+0	0.000000E+0	1.011469E+2	1.000000E+2	3.502500E+2	3.500000E+2	3.044250E+0	3.100000E+0	3.000000E-1	0.000000E+0	2.000000E-1	0.000000E+0	7.500000E-1	0.000000E+0	2.000000E-1	0.000000E+0	1.500000E-1	0.000000E+0	0.000000E+0	0.000000E+0	0.000000E+0	0.000000E+0
16.05.2025	16:42:13.3		3.324724E+0	4.298868E+0	7.164781E-2	3.324724E+0	4.298868E+0	7.164781E-2	5.386025E+2	5.340000E+2	0.000000E+0	0.000000E+0	0.000000E+0	0.000000E+0	1.000000E+2	1.000000E+2	3.502500E+2	3.500000E+2	3.066525E+0	3.100000E+0	3.000000E-1	0.000000E+0	2.000000E-1	0.000000E+0	7.500000E-1	0.000000E+0	2.000000E-1	0.000000E+0	1.500000E-1	0.000000E+0	0.000000E+0	0.000000E+0	0.000000E+0	0.000000E+0
16.05.2025	16:42:14.3		3.326092E+0	4.300637E+0	7.167728E-2	3.326092E+0	4.300637E+0	7.167728E-2	4.649181E+2	5.340000E+2	0.000000E+0	0.000000E+0	0.000000E+0	0.000000E+0	1.004000E+2	1.000000E+2	3.495000E+2	3.500000E+2	3.051675E+0	3.100000E+0	3.000000E-1	0.000000E+0	2.500000E-1	0.000000E+0	7.500000E-1	0.000000E+0	2.000000E-1	0.000000E+0	1.200000E-1	0.000000E+0	0.000000E+0	0.000000E+0	0.000000E+0	0.000000E+0
16.05.2025	16:42:15.3		3.337221E+0	4.315027E+0	7.191712E-2	3.337221E+0	4.315027E+0	7.191712E-2	5.397098E+2	5.340000E+2	0.000000E+0	0.000000E+0	0.000000E+0	0.000000E+0	1.000000E+2	1.000000E+2	3.510000E+2	3.500000E+2	3.051675E+0	3.100000E+0	3.600000E-1	0.000000E+0	1.500000E-1	0.000000E+0	6.000000E-1	0.000000E+0	1.500000E-1	0.000000E+0	9.000000E-2	0.000000E+0	5.931373E-2	1.486092E-2	2.181482E+1	6.879643E-3	2.329399E+0	8.495507E-3	4.373371E+2	7.792964E-3	2.739035E+2	2.212922E+0	7.004377E+1	1.500899E-1	3.894720E+2	9.161363E-3	7.956650E-1	8.227896E-2	2.199036E+1	5.955309E-3	5.274948E-1	2.065394E-3	2.259405E+1	3.627009E-3	1.642930E+0	5.796362E-3	2.255272E+1	3.933147E-3	5.603622E-1	4.797857E-3	2.241098E+1	8.177995E-3	2.246846E+1	3.978179E-3
16.05.2025	16:42:16.3		3.331069E+0	4.307072E+0	7.178453E-2	3.331691E+0	4.307876E+0	7.179794E-2	1.436519E+2	5.340000E+2	0.000000E+0	0.000000E+0	0.000000E+0	0.000000E+0	1.004000E+2	1.000000E+2	3.502500E+2	3.500000E+2	3.044250E+0	3.100000E+0	3.600000E-1	0.000000E+0	1.500000E-1	0.000000E+0	7.500000E-1	0.000000E+0	1.000000E-1	0.000000E+0	1.200000E-1	0.000000E+0	5.940096E-2	1.057440E-2	2.181600E+1	4.847266E-3	2.314781E+0	7.395108E-3	4.373549E+2	1.011162E-2	2.733276E+2	3.667124E-1	6.969579E+1	2.035658E-1	3.894938E+2	2.654300E-3	7.954191E-1	9.706413E-2	2.200221E+1	1.244489E-3	5.277492E-1	1.975366E-3	2.260079E+1	5.289989E-3	1.643005E+0	5.209187E-3	2.255404E+1	5.146371E-3	5.603122E-1	4.079074E-3	2.241906E+1	1.450094E-2	2.247404E+1	1.274538E-3
16.05.2025	16:42:17.3		3.330343E+0	4.306133E+0	7.176889E-2	3.330791E+0	4.306713E+0	7.177855E-2	5.388109E+2	5.340000E+2	0.000000E+0	0.000000E+0	0.000000E+0	0.000000E+0	1.004000E+2	1.000000E+2	3.502500E+2	3.500000E+2	3.044250E+0	3.100000E+0	3.600000E-1	0.000000E+0	2.500000E-1	0.000000E+0	7.500000E-1	0.000000E+0	1.500000E-1	0.000000E+0	1.500000E-1	0.000000E+0	5.841647E-2	1.247243E-2	2.181991E+1	1.877642E-3	2.345864E+0	1.623582E-2	4.373698E+2	1.202960E-2	2.727673E+2	4.520675E-1	7.007377E+1	2.727174E-1	3.894984E+2	2.606645E-3	7.945146E-1	1.070761E-1	2.199731E+1	5.826155E-3	5.279088E-1	1.738925E-3	2.259836E+1	4.265435E-3	1.642821E+0	4.678475E-3	2.255328E+1	4.411644E-3	5.600878E-1	3.668343E-3	2.241882E+1	1.010687E-2	2.247216E+1	1.683125E-3
16.05.2025	16:42:18.3		3.332978E+0	4.309540E+0	7.182567E-2	3.333556E+0	4.310288E+0	7.183814E-2	3.023870E+2	5.340000E+2	0.000000E+0	0.000000E+0	0.000000E+0	0.000000E+0	1.000000E+2	1.000000E+2	3.502500E+2	3.500000E+2	3.051675E+0	3.100000E+0	3.000000E-1	0.000000E+0	2.000000E-1	0.000000E+0	7.500000E-1	0.000000E+0	1.500000E-1	0.000000E+0	1.200000E-1	0.000000E+0	5.687616E-2	1.080168E-2	2.181859E+1	2.233393E-3	2.342864E+0	1.094472E-2	4.373971E+2	1.734726E-2	2.717283E+2	6.790892E-1	7.017143E+1	1.273774E-1	3.895152E+2	1.208386E-2	7.739286E-1	1.168302E-1	2.199791E+1	8.059923E-3	5.280370E-1	1.589862E-3	2.259826E+1	4.271449E-3	1.642118E+0	3.257075E-3	2.254990E+1	2.365063E-3	5.600334E-1	2.672195E-3	2.241356E+1	8.135670E-3	2.246756E+1	4.214821E-3
16.05.2025	16:42:19.3		3.324816E+0	4.298987E+0	7.164978E-2	3.326463E+0	4.301116E+0	7.168527E-2	5.386113E+2	5.340000E+2	0.000000E+0	0.000000E+0	0.000000E+0	0.000000E+0	1.004000E+2	1.000000E+2	3.510000E+2	3.500000E+2	3.059100E+0	3.100000E+0	3.600000E-1	0.000000E+0	2.500000E-1	0.000000E+0	7.500000E-1	0.000000E+0	1.500000E-1	0.000000E+0	1.500000E-1	0.000000E+0	5.816549E-2	1.078127E-2	2.181625E+1	3.236266E-3	2.330385E+0	1.305066E-2	4.374135E+2	1.388961E-3	2.721762E+2	8.080344E-1	7.009140E+1	1.159674E-1	3.895644E+2	1.758570E-2	7.759605E-1	8.748416E-2	2.199211E+1	2.617173E-3	5.283448E-1	3.862197E-3	2.259759E+1	5.812795E-3	1.643022E+0	1.063944E-2	2.255558E+1	1.301046E-3	5.609072E-1	8.335163E-3	2.240966E+1	2.109384E-3	2.246676E+1	4.104422E-3
16.05.2025	16:42:20.3		3.324415E+0	4.298469E+0	7.164114E-2	3.324415E+0	4.298469E+0	7.164114E-2	5.288630E+2	5.340000E+2	0.000000E+0	0.000000E+0	0.000000E+0	0.000000E+0	1.004000E+2	1.000000E+2	3.495000E+2	3.500000E+2	3.051675E+0	3.100000E+0	3.000000E-1	0.000000E+0	2.500000E-1	0.000000E+0	7.500000E-1	0.000000E+0	2.000000E-1	0.000000E+0	1.500000E-1	0.000000E+0	5.747773E-2	1.176658E-2	2.181932E+1	2.930757E-3	2.349159E+0	1.356276E-2	4.374081E+2	4.650543E-3	2.715174E+2	9.821705E-1	7.015358E+1	1.546477E-1	3.895882E+2	4.644906E-3	7.773731E-1	1.344391E-1	2.198660E+1	5.274583E-3	5.289634E-1	6.002838E-3	2.259776E+1	4.612938E-3	1.643419E+0	1.476850E-2	2.255221E+1	4.166159E-3	5.616194E-1	1.228234E-2	2.240833E+1	2.492689E-3	2.246892E+1	4.644603E-3
16.05.2025	16:42:21.3		3.330009E+0	4.305701E+0	7.176169E-2	3.330009E+0	4.305701E+0	7.176169E-2	5.406921E+2	5.340000E+2	0.000000E+0	0.000000E+0	0.000000E+0	0.000000E+0	1.008000E+2	1.000000E+2	3.495000E+2	3.500000E+2	3.044250E+0	3.100000E+0	3.600000E-1	0.000000E+0	2.500000E-1	0.000000E+0	7.500000E-1	0.000000E+0	2.000000E-1	0.000000E+0	9.000000E-2	0.000000E+0	5.734231E-2	1.266879E-2	2.181743E+1	3.654376E-3	2.348085E+0	1.423269E-2	4.373915E+2	5.738851E-3	2.696826E+2	1.345836E+0	6.991339E+1	5.026045E-2	3.896051E+2	1.154225E-2	8.026441E-1	9.242588E-2	2.199077E+1	4.507325E-3	5.297007E-1	4.276367E-3	2.259704E+1	2.619785E-3	1.644292E+0	9.101965E-3	2.255556E+1	1.758148E-3	5.619948E-1	7.446689E-3	2.241257E+1	2.287239E-3	2.247480E+1	9.615242E-3
16.05.2025	16:42:22.3		3.330782E+0	4.306702E+0	7.177836E-2	3.330782E+0	4.306702E+0	7.177836E-2	1.416747E+2	5.340000E+2	0.000000E+0	0.000000E+0	0.000000E+0	0.000000E+0	1.004000E+2	1.000000E+2	3.510000E+2	3.500000E+2	3.051675E+0	3.100000E+0	3.600000E-1	0.000000E+0	2.000000E-1	0.000000E+0	6.000000E-1	0.000000E+0	1.500000E-1	0.000000E+0	1.200000E-1	0.000000E+0	5.796360E-2	1.135127E-2	2.182200E+1	2.547580E-3	2.357568E+0	8.564061E-3	4.373788E+2	7.723127E-3	2.676541E+2	7.767385E-1	6.951729E+1	1.430529E-1	3.896039E+2	1.043870E-2	8.053938E-1	9.621117E-2	2.198813E+1	5.432003E-3	5.287065E-1	2.164950E-3	2.259333E+1	4.902795E-3	1.643327E+0	5.013026E-3	2.255212E+1	2.571578E-3	5.605793E-1	3.922621E-3	2.240125E+1	8.071029E-3	2.246478E+1	9.907429E-3
16.05.2025	16:42:23.3		3.324405E+0	4.298456E+0	7.164093E-2	3.324451E+0	4.298515E+0	7.164192E-2	5.391393E+2	5.340000E+2	0.000000E+0	0.000000E+0	0.000000E+0	0.000000E+0	1.000000E+2	1.000000E+2	3.502500E+2	3.500000E+2	3.051675E+0	3.100000E+0	3.600000E-1	0.000000E+0	2.000000E-1	0.000000E+0	4.500000E-1	0.000000E+0	1.500000E-1	0.000000E+0	1.200000E-1	0.000000E+0	5.793785E-2	1.228795E-2	2.182582E+1	3.377348E-3	2.317346E+0	2.007027E-2	4.373775E+2	8.811099E-3	2.709376E+2	2.199010E+0	6.957371E+1	1.421069E-1	3.896079E+2	5.612929E-3	7.929922E-1	1.108042E-1	2.199707E+1	3.873690E-3	5.288021E-1	4.625187E-3	2.260637E+1	7.288579E-3	1.645155E+0	1.346104E-2	2.255978E+1	6.524391E-3	5.617590E-1	1.068591E-2	2.241680E+1	8.869728E-3	2.247925E+1	8.282614E-3
16.05.2025	16:42:24.3		3.325895E+0	4.300382E+0	7.167303E-2	3.325895E+0	4.300382E+0	7.167303E-2	2.942853E+2	5.340000E+2	0.000000E+0	0.000000E+0	0.000000E+0	0.000000E+0	1.004000E+2	1.000000E+2	3.495000E+2	3.500000E+2	3.044250E+0	3.100000E+0	3.600000E-1	0.000000E+0	2.000000E-1	0.000000E+0	6.000000E-1	0.000000E+0	1.500000E-1	0.000000E+0	1.200000E-1	0.000000E+0	6.110153E-2	1.629006E-2	2.182075E+1	5.895191E-3	2.304293E+0	1.579476E-2	4.373722E+2	1.512389E-2	2.733642E+2	7.940322E-1	6.977488E+1	3.905982E-1	3.895885E+2	8.942698E-3	7.811183E-1	7.246836E-2	2.199444E+1	4.276252E-3	5.283362E-1	5.354253E-3	2.260748E+1	2.772282E-3	1.643772E+0	1.065800E-2	2.255293E+1	2.772417E-3	5.607762E-1	8.484240E-3	2.241093E+1	5.776597E-4	2.246983E+1	1.617363E-3
16.05.2025	16:42:25.3		3.320739E+0	4.293716E+0	7.156193E-2	3.320739E+0	4.293716E+0	7.156193E-2	5.389711E+2	5.340000E+2	0.000000E+0	0.000000E+0	0.000000E+0	0.000000E+0	9.960000E+1	1.000000E+2	3.502500E+2	3.500000E+2	3.044250E+0	3.100000E+0	3.600000E-1	0.000000E+0	1.500000E-1	0.000000E+0	9.000000E-1	0.000000E+0	1.500000E-1	0.000000E+0	1.200000E-1	0.000000E+0	5.960953E-2	1.151611E-2	2.182640E+1	2.480740E-3	2.335010E+0	1.080709E-2	4.373886E+2	1.342022E-2	2.737644E+2	6.405260E-1	6.984363E+1	1.559732E-1	3.895717E+2	1.766300E-2	7.925511E-1	1.339129E-1	2.199705E+1	3.211503E-3	5.284110E-1	1.564700E-3	2.260571E+1	2.947340E-3	1.643634E+0	4.629470E-3	2.256065E+1	3.679712E-3	5.608345E-1	3.304430E-3	2.241210E+1	1.816336E-3	2.247253E+1	2.684711E-3
16.05.2025	16:42:26.3		3.326601E+0	4.301295E+0	7.168825E-2	3.326601E+0	4.301295E+0	7.168825E-2	5.296692E+2	5.340000E+2	0.000000E+0	0.000000E+0	0.000000E+0	0.000000E+0	1.004000E+2	1.000000E+2	3.502500E+2	3.500000E+2	3.044250E+0	3.100000E+0	3.600000E-1	0.000000E+0	1.500000E-1	0.000000E+0	9.000000E-1	0.000000E+0	1.000000E-1	0.000000E+0	1.500000E-1	0.000000E+0	6.088695E-2	1.448082E-2	2.182457E+1	5.983618E-3	2.365499E+0	1.275322E-2	4.374031E+2	2.024571E-3	2.733428E+2	4.586380E-1	6.969515E+1	1.057117E-1	3.895830E+2	1.047762E-2	7.970609E-1	9.565056E-2	2.199761E+1	4.581576E-3	5.285235E-1	1.780686E-3	2.260339E+1	3.900453E-3	1.643444E+0	4.201211E-3	2.256186E+1	4.589801E-3	5.606766E-1	3.647684E-3	2.241282E+1	4.024574E-3	2.247621E+1	1.127587E-3
16.05.2025	16:42:27.3		3.327431E+0	4.302369E+0	7.170615E-2	3.327431E+0	4.302369E+0	7.170615E-2	5.399841E+2	5.340000E+2	0.000000E+0	0.000000E+0	0.000000E+0	0.000000E+0	9.960000E+1	1.000000E+2	3.502500E+2	3.500000E+2	3.044250E+0	3.100000E+0	3.600000E-1	0.000000E+0	2.000000E-1	0.000000E+0	9.000000E-1	0.000000E+0	1.500000E-1	0.000000E+0	1.500000E-1	0.000000E+0	5.676867E-2	1.272821E-2	2.182689E+1	9.796821E-3	2.345583E+0	1.045381E-2	4.374209E+2	1.435291E-2	2.745015E+2	2.562954E-1	6.989124E+1	1.759668E-1	3.895482E+2	6.752523E-3	7.838905E-1	6.843951E-2	2.199354E+1	1.250533E-2	5.283073E-1	2.632332E-3	2.260127E+1	3.769851E-3	1.643775E+0	5.185649E-3	2.255618E+1	9.668196E-3	5.607266E-1	4.533111E-3	2.241130E+1	7.276696E-3	2.246991E+1	6.830212E-3
16.05.2025	16:42:28.3		3.333579E+0	4.310318E+0	7.183863E-2	3.333579E+0	4.310318E+0	7.183863E-2	1.307295E+2	5.340000E+2	0.000000E+0	0.000000E+0	0.000000E+0	0.000000E+0	1.000000E+2	1.000000E+2	3.495000E+2	3.500000E+2	3.051675E+0	3.100000E+0	3.600000E-1	0.000000E+0	2.000000E-1	0.000000E+0	7.500000E-1	0.000000E+0	1.500000E-1	0.000000E+0	1.200000E-1	0.000000E+0	5.643256E-2	1.340719E-2	2.182805E+1	6.626243E-3	2.336217E+0	1.288812E-2	4.373812E+2	2.972296E-2	2.743425E+2	5.915839E-1	7.039125E+1	2.179471E-1	3.895480E+2	6.319235E-3	7.884141E-1	7.129848E-2	2.199469E+1	9.459655E-3	5.289563E-1	5.194253E-3	2.260176E+1	3.447981E-3	1.645685E+0	9.417750E-3	2.255857E+1	6.082516E-3	5.620620E-1	8.761978E-3	2.241230E+1	5.339258E-3	2.247311E+1	4.058985E-3
16.05.2025	16:42:29.3		3.331966E+0	4.308232E+0	7.180387E-2	3.331966E+0	4.308232E+0	7.180387E-2	5.392934E+2	5.340000E+2	0.000000E+0	0.000000E+0	0.000000E+0	0.000000E+0	1.004000E+2	1.000000E+2	3.510000E+2	3.500000E+2	3.051675E+0	3.100000E+0	3.600000E-1	0.000000E+0	2.500000E-1	0.000000E+0	6.000000E-1	0.000000E+0	2.000000E-1	0.000000E+0	9.000000E-2	0.000000E+0	5.800569E-2	8.910023E-3	2.182457E+1	2.985052E-3	2.294818E+0	1.235295E-2	4.373292E+2	2.985922E-3	2.755437E+2	8.514550E-2	7.029122E+1	2.814373E-2	3.895328E+2	2.801670E-3	7.925397E-1	7.448894E-2	2.199818E+1	5.274351E-3	5.283868E-1	2.745313E-3	2.260522E+1	4.838070E-3	1.645333E+0	7.234448E-3	2.255929E+1	2.491730E-3	5.611757E-1	5.577751E-3	2.241500E+1	3.670986E-3	2.247178E+1	5.018978E-3
16.05.2025	16:42:30.3		3.336014E+0	4.313466E+0	7.189109E-2	3.336014E+0	4.313466E+0	7.189109E-2	2.903870E+2	5.340000E+2	0.000000E+0	0.000000E+0	0.000000E+0	0.000000E+0	1.008000E+2	1.000000E+2	3.495000E+2	3.500000E+2	3.051675E+0	3.100000E+0	3.600000E-1	0.000000E+0	2.000000E-1	0.000000E+0	7.500000E-1	0.000000E+0	2.000000E-1	0.000000E+0	9.000000E-2	0.000000E+0	5.741589E-2	9.970066E-3	2.183118E+1	2.657610E-3	2.270561E+0	1.040372E-2	4.373122E+2	1.771786E-2	2.751119E+2	3.325510E-1	7.028378E+1	1.477398E-1	3.895226E+2	7.690011E-3	7.882626E-1	7.174885E-2	2.200042E+1	2.937167E-3	5.277318E-1	2.695038E-3	2.260520E+1	5.383543E-3	1.645257E+0	7.522902E-3	2.255723E+1	2.358066E-3	5.607066E-1	5.718267E-3	2.241786E+1	4.610400E-3	2.247903E+1	4.743214E-3
16.05.2025	16:42:31.3		3.335422E+0	4.312700E+0	7.187834E-2	3.335422E+0	4.312700E+0	7.187834E-2	5.393201E+2	5.340000E+2	0.000000E+0	0.000000E+0	0.000000E+0	0.000000E+0	1.000000E+2	1.000000E+2	3.502500E+2	3.500000E+2	3.044250E+0	3.100000E+0	3.600000E-1	0.000000E+0	2.000000E-1	0.000000E+0	6.000000E-1	0.000000E+0	1.500000E-1	0.000000E+0	1.200000E-1	0.000000E+0	5.845328E-2	1.576823E-2	2.183154E+1	2.327624E-3	2.242558E+0	1.352571E-2	4.372536E+2	2.357456E-2	2.742461E+2	3.120980E-1	7.013080E+1	7.812657E-2	3.894921E+2	1.415237E-2	7.910004E-1	6.831265E-2	2.199553E+1	8.924187E-4	5.277997E-1	2.983827E-3	2.260403E+1	5.681588E-3	1.645525E+0	7.785777E-3	2.255454E+1	3.843942E-3	5.605909E-1	6.587014E-3	2.242001E+1	4.339257E-3	2.247706E+1	6.411932E-3
16.05.2025	16:42:32.3		3.333474E+0	4.310182E+0	7.183637E-2	3.333474E+0	4.310182E+0	7.183637E-2	5.288391E+2	5.340000E+2	0.000000E+0	0.000000E+0	0.000000E+0	0.000000E+0	1.000000E+2	1.000000E+2	3.495000E+2	3.500000E+2	3.051675E+0	3.100000E+0	4.200000E-1	0.000000E+0	2.500000E-1	0.000000E+0	7.500000E-1	0.000000E+0	1.500000E-1	0.000000E+0	1.200000E-1	0.000000E+0	5.945169E-2	1.383062E-2	2.183045E+1	1.966824E-3	2.219107E+0	9.058314E-3	4.372061E+2	1.589639E-2	2.732641E+2	1.399103E+0	7.001309E+1	1.351575E-1	3.894638E+2	5.902612E-3	8.072654E-1	1.088831E-1	2.199707E+1	2.094640E-3	5.270909E-1	3.576158E-3	2.260511E+1	9.630900E-4	1.643876E+0	6.685587E-3	2.255990E+1	1.602443E-3	5.593440E-1	4.841148E-3	2.241903E+1	6.784108E-3	2.247789E+1	1.832825E-3
16.05.2025	16:42:33.3		3.334496E+0	4.311503E+0	7.185838E-2	3.334496E+0	4.311503E+0	7.185838E-2	5.399296E+2	5.340000E+2	0.000000E+0	0.000000E+0	0.000000E+0	0.000000E+0	1.008000E+2	1.000000E+2	3.495000E+2	3.500000E+2	3.036825E+0	3.100000E+0	3.600000E-1	0.000000E+0	2.000000E-1	0.000000E+0	6.000000E-1	0.000000E+0	1.500000E-1	0.000000E+0	9.000000E-2	0.000000E+0	6.045082E-2	1.382506E-2	2.183244E+1	3.756075E-3	2.215863E+0	9.253138E-3	4.371407E+2	2.517016E-2	2.743759E+2	1.488659E+0	6.969985E+1	1.096218E-1	3.894226E+2	2.568992E-2	7.857760E-1	8.917102E-2	2.199878E+1	2.550472E-3	5.276266E-1	5.760949E-3	2.260964E+1	2.832117E-3	1.644853E+0	8.511606E-3	2.256646E+1	2.679059E-3	5.605208E-1	6.559164E-3	2.241797E+1	3.625050E-3	2.247604E+1	1.981573E-3
16.05.2025	16:42:34.3		3.335336E+0	4.312589E+0	7.187649E-2	3.335336E+0	4.312589E+0	7.187649E-2	5.292269E+2	5.340000E+2	0.000000E+0	0.000000E+0	0.000000E+0	0.000000E+0	1.000000E+2	1.000000E+2	3.495000E+2	3.500000E+2	3.059100E+0	3.100000E+0	3.000000E-1	0.000000E+0	2.500000E-1	0.000000E+0	7.500000E-1	0.000000E+0	2.000000E-1	0.000000E+0	1.200000E-1	0.000000E+0	5.597048E-2	1.240724E-2	2.182495E+1	5.663987E-3	2.213174E+0	4.487529E-3	4.371153E+2	1.315157E-3	2.735256E+2	3.095335E-1	6.944955E+1	6.756419E-2	3.893763E+2	1.104074E-4	7.718693E-1	1.079845E-1	2.199662E+1	1.155742E-4	5.274728E-1	2.251479E-3	2.260604E+1	4.042916E-3	1.644351E+0	5.096265E-3	2.256728E+1	9.241273E-4	5.599909E-1	3.776945E-3	2.241626E+1	1.386377E-3	2.247209E+1	3.119192E-3
16.05.2025	16:42:35.3		3.330878E+0	4.306825E+0	7.178041E-2	3.330878E+0	4.306825E+0	7.178041E-2	5.389440E+2	5.340000E+2	0.000000E+0	0.000000E+0	0.000000E+0	0.000000E+0	1.004000E+2	1.000000E+2	3.495000E+2	3.500000E+2	3.051675E+0	3.100000E+0	3.000000E-1	0.000000E+0	2.000000E-1	0.000000E+0	9.000000E-1	0.000000E+0	1.000000E-1	0.000000E+0	1.500000E-1	0.000000E+0	5.750247E-2	1.064833E-2	2.182966E+1	4.855683E-3	2.206981E+0	8.357619E-3	4.371663E+2	1.499138E-2	2.728150E+2	2.942659E-1	7.000855E+1	1.517056E-1	3.893649E+2	2.622318E-3	7.841183E-1	1.114352E-1	2.200116E+1	1.544774E-3	5.279419E-1	1.542459E-3	2.260174E+1	2.990950E-3	1.645991E+0	8.365430E-3	2.256184E+1	2.194279E-3	5.611639E-1	6.951229E-3	2.241378E+1	1.586283E-3	2.247294E+1	2.314868E-3
16.05.2025	16:42:36.3		3.327641E+0	4.302640E+0	7.171068E-2	3.327641E+0	4.302640E+0	7.171068E-2	2.912293E+2	5.340000E+2	0.000000E+0	0.000000E+0	0.000000E+0	0.000000E+0	1.008000E+2	1.000000E+2	3.495000E+2	3.500000E+2	3.059100E+0	3.100000E+0	3.000000E-1	0.000000E+0	2.500000E-1	0.000000E+0	7.500000E-1	0.000000E+0	1.500000E-1	0.000000E+0	1.200000E-1	0.000000E+0	5.888250E-2	1.360540E-2	2.182785E+1	4.964068E-3	2.221509E+0	6.671777E-3	4.372147E+2	3.183481E-2	2.723206E+2	1.215841E-1	7.029538E+1	2.699488E-1	3.893614E+2	3.143564E-3	7.459479E-1	1.321786E-1	2.199893E+1	2.898351E-3	5.279799E-1	2.369362E-3	2.260478E+1	5.174628E-3	1.646074E+0	7.231118E-3	2.255748E+1	1.489870E-3	5.611546E-1	4.858762E-3	2.241155E+1	2.326149E-3	2.247107E+1	1.287727E-3
16.05.2025	16:42:37.3		3.322019E+0	4.295370E+0	7.158950E-2	3.322019E+0	4.295370E+0	7.158950E-2	5.386482E+2	5.340000E+2	0.000000E+0	0.000000E+0	0.000000E+0	0.000000E+0	9.960000E+1	1.000000E+2	3.502500E+2	3.500000E+2	3.051675E+0	3.100000E+0	3.600000E-1	0.000000E+0	2.500000E-1	0.000000E+0	7.500000E-1	0.000000E+0	1.500000E-1	0.000000E+0	9.000000E-2	0.000000E+0	6.045638E-2	1.817185E-2	2.182821E+1	1.408621E-3	2.220300E+0	5.825359E-3	4.372736E+2	1.445428E-2	2.723792E+2	2.967854E-1	7.001708E+1	3.098237E-1	3.893691E+2	3.426126E-3	7.864258E-1	8.875441E-2	2.199288E+1	2.340739E-3	5.277229E-1	2.257931E-3	2.260062E+1	5.020142E-3	1.645854E+0	6.855053E-3	2.255575E+1	3.053457E-3	5.611976E-1	4.794624E-3	2.240885E+1	1.314160E-3	2.246836E+1	3.337319E-3
16.05.2025	16:42:38.3		3.328460E+0	4.303699E+0	7.172832E-2	3.327851E+0	4.302912E+0	7.171520E-2	5.296729E+2	5.340000E+2	0.000000E+0	0.000000E+0	0.000000E+0	0.000000E+0	1.004000E+2	1.000000E+2	3.510000E+2	3.500000E+2	3.051675E+0	3.100000E+0	3.600000E-1	0.000000E+0	2.000000E-1	0.000000E+0	9.000000E-1	0.000000E+0	2.000000E-1	0.000000E+0	1.200000E-1	0.000000E+0	5.813921E-2	1.109190E-2	2.182312E+1	5.288113E-3	2.228491E+0	9.512719E-3	4.372804E+2	5.016617E-3	2.721645E+2	5.213033E-1	6.997543E+1	1.562154E-1	3.893956E+2	1.983596E-2	7.985580E-1	1.358925E-1	2.199109E+1	4.007664E-3	5.283875E-1	3.980530E-3	2.260289E+1	5.715697E-3	1.646757E+0	1.076026E-2	2.255543E+1	2.882528E-3	5.624149E-1	8.027563E-3	2.240908E+1	3.800722E-3	2.246935E+1	2.370931E-3
16.05.2025	16:42:39.3		3.325012E+0	4.299241E+0	7.165401E-2	3.323737E+0	4.297592E+0	7.162654E-2	5.400000E+2	5.340000E+2	0.000000E+0	0.000000E+0	0.000000E+0	0.000000E+0	1.004000E+2	1.000000E+2	3.502500E+2	3.500000E+2	3.044250E+0	3.100000E+0	3.600000E-1	0.000000E+0	2.500000E-1	0.000000E+0	6.000000E-1	0.000000E+0	2.000000E-1	0.000000E+0	9.000000E-2	0.000000E+0	5.768186E-2	8.851981E-3	2.183179E+1	2.733997E-3	2.233734E+0	9.500669E-3	4.372979E+2	9.691855E-3	2.739210E+2	1.383265E+0	6.998120E+1	1.923439E-1	3.894351E+2	4.421338E-3	7.817758E-1	1.506968E-1	2.199689E+1	8.817905E-4	5.279352E-1	2.514702E-3	2.261102E+1	9.458414E-4	1.644973E+0	3.804507E-3	2.256420E+1	4.958059E-3	5.618150E-1	3.712633E-3	2.241762E+1	4.373651E-3	2.247371E+1	2.037943E-3
16.05.2025	16:42:40.3		3.329102E+0	4.304528E+0	7.174214E-2	3.323890E+0	4.297790E+0	7.162982E-2	5.294121E+2	5.340000E+2	0.000000E+0	0.000000E+0	0.000000E+0	0.000000E+0	1.004000E+2	1.000000E+2	3.502500E+2	3.500000E+2	3.066525E+0	3.100000E+0	3.000000E-1	0.000000E+0	2.000000E-1	0.000000E+0	7.500000E-1	0.000000E+0	2.000000E-1	0.000000E+0	1.500000E-1	0.000000E+0	5.826983E-2	7.411019E-3	2.183117E+1	4.072690E-3	2.258404E+0	7.471790E-3	4.373635E+2	9.943061E-3	2.748920E+2	3.555453E-2	7.028862E+1	1.387015E-1	3.894499E+2	3.191176E-3	8.137302E-1	1.000899E-1	2.199588E+1	1.475585E-3	5.273989E-1	8.410753E-4	2.260416E+1	1.584726E-3	1.643844E+0	2.336501E-3	2.255922E+1	3.031698E-3	5.606672E-1	2.130554E-3	2.240842E+1	2.529844E-3	2.246697E+1	3.606501E-4
16.05.2025	16:42:41.3		3.334675E+0	4.311734E+0	7.186224E-2	3.336329E+0	4.313873E+0	7.189788E-2	5.390393E+2	5.340000E+2	0.000000E+0	0.000000E+0	0.000000E+0	0.000000E+0	1.004000E+2	1.000000E+2	3.502500E+2	3.500000E+2	3.036825E+0	3.100000E+0	3.600000E-1	0.000000E+0	2.500000E-1	0.000000E+0	6.000000E-1	0.000000E+0	1.500000E-1	0.000000E+0	1.200000E-1	0.000000E+0	5.874211E-2	1.050730E-2	2.182257E+1	4.307502E-3	2.274649E+0	7.341658E-3	4.374168E+2	2.663476E-2	2.744796E+2	2.608877E-1	6.976131E+1	3.526440E-1	3.894628E+2	1.028008E-2	7.924844E-1	8.786556E-2	2.199714E+1	1.575757E-3	5.275243E-1	1.511169E-3	2.260212E+1	2.964259E-3	1.644420E+0	3.777445E-3	2.255598E+1	3.475635E-3	5.605432E-1	3.231345E-3	2.240559E+1	5.563100E-3	2.246629E+1	2.566054E-3
16.05.2025	16:42:42.3		3.332056E+0	4.308348E+0	7.180580E-2	3.332056E+0	4.308348E+0	7.180580E-2	2.844484E+2	5.340000E+2	0.000000E+0	0.000000E+0	0.000000E+0	0.000000E+0	1.008000E+2	1.000000E+2	3.495000E+2	3.500000E+2	3.051675E+0	3.100000E+0	3.000000E-1	0.000000E+0	2.500000E-1	0.000000E+0	7.500000E-1	0.000000E+0	2.000000E-1	0.000000E+0	1.500000E-1	0.000000E+0	5.772626E-2	1.001424E-2	2.182881E+1	2.864581E-3	2.278149E+0	7.605208E-3	4.374825E+2	2.171152E-2	2.738476E+2	3.441932E-1	6.971717E+1	1.337806E-1	3.894910E+2	2.883233E-2	7.938010E-1	8.570852E-2	2.200081E+1	2.461664E-3	5.276838E-1	2.322275E-3	2.260580E+1	6.874619E-3	1.646264E+0	9.867914E-3	2.255878E+1	7.255094E-3	5.618015E-1	7.858603E-3	2.241007E+1	9.462526E-3	2.246964E+1	6.670806E-3
16.05.2025	16:42:43.3		3.333466E+0	4.310171E+0	7.183618E-2	3.333466E+0	4.310171E+0	7.183618E-2	5.387229E+2	5.340000E+2	0.000000E+0	0.000000E+0	0.000000E+0	0.000000E+0	1.008000E+2	1.000000E+2	3.502500E+2	3.500000E+2	3.044250E+0	3.100000E+0	3.000000E-1	0.000000E+0	2.500000E-1	0.000000E+0	7.500000E-1	0.000000E+0	1.000000E-1	0.000000E+0	1.500000E-1	0.000000E+0	5.832898E-2	1.358987E-2	2.182614E+1	2.231672E-3	2.274050E+0	6.964930E-3	4.375035E+2	7.472844E-3	2.744003E+2	3.584450E-1	6.998921E+1	2.929904E-1	3.895235E+2	8.856456E-3	8.034379E-1	6.378931E-2	2.199974E+1	2.080387E-3	5.277032E-1	3.743101E-3	2.261040E+1	2.649340E-3	1.645702E+0	6.472949E-3	2.256031E+1	2.130382E-3	5.615712E-1	5.645159E-3	2.242181E+1	2.268249E-3	2.247184E+1	5.620932E-3
16.05.2025	16:42:44.3		3.332378E+0	4.308764E+0	7.181273E-2	3.332378E+0	4.308764E+0	7.181273E-2	4.411914E+2	5.340000E+2	0.000000E+0	0.000000E+0	0.000000E+0	0.000000E+0	1.004000E+2	1.000000E+2	3.502500E+2	3.500000E+2	3.051675E+0	3.100000E+0	3.600000E-1	0.000000E+0	1.500000E-1	0.000000E+0	9.000000E-1	0.000000E+0	1.500000E-1	0.000000E+0	1.200000E-1	0.000000E+0	5.618826E-2	1.184271E-2	2.183034E+1	4.060952E-3	2.271543E+0	1.183294E-2	4.374844E+2	2.175067E-2	2.743376E+2	9.154374E-1	7.039341E+1	1.080078E-1	3.895022E+2	1.452462E-2	7.896413E-1	8.372527E-2	2.199767E+1	3.146451E-3	5.287889E-1	6.541251E-3	2.261433E+1	5.912983E-3	1.648596E+0	1.523111E-2	2.255903E+1	3.024249E-3	5.634009E-1	1.275545E-2	2.241737E+1	3.406630E-3	2.247076E+1	5.630865E-3
16.05.2025	16:42:45.3		3.333503E+0	4.310219E+0	7.183699E-2	3.330283E+0	4.306056E+0	7.176760E-2	5.400000E+2	5.340000E+2	0.000000E+0	0.000000E+0	0.000000E+0	0.000000E+0	1.008000E+2	1.000000E+2	3.502500E+2	3.500000E+2	3.044250E+0	3.100000E+0	3.000000E-1	0.000000E+0	1.500000E-1	0.000000E+0	6.000000E-1	0.000000E+0	1.000000E-1	0.000000E+0	1.500000E-1	0.000000E+0	6.109124E-2	1.944549E-2	2.182857E+1	5.568585E-3	2.259437E+0	1.073955E-2	4.374273E+2	8.632791E-3	2.716977E+2	3.540310E-1	7.015346E+1	7.639028E-2	3.894442E+2	1.324740E-2	7.892394E-1	9.018275E-2	2.199557E+1	2.931600E-3	5.272149E-1	4.540075E-3	2.260751E+1	9.157030E-4	1.645678E+0	1.153607E-2	2.255135E+1	8.865992E-4	5.606137E-1	8.534296E-3	2.240937E+1	1.290633E-3	2.246812E+1	4.697711E-3
16.05.2025	16:42:46.3		3.333852E+0	4.310671E+0	7.184452E-2	3.333852E+0	4.310671E+0	7.184452E-2	5.301262E+2	5.340000E+2	0.000000E+0	0.000000E+0	0.000000E+0	0.000000E+0	1.000000E+2	1.000000E+2	3.495000E+2	3.500000E+2	3.044250E+0	3.100000E+0	3.000000E-1	0.000000E+0	2.000000E-1	0.000000E+0	6.000000E-1	0.000000E+0	1.000000E-1	0.000000E+0	1.200000E-1	0.000000E+0	6.004966E-2	1.242239E-2	2.183025E+1	4.557730E-3	2.259696E+0	1.102496E-2	4.373803E+2	1.761692E-2	2.717966E+2	1.832611E-1	7.035240E+1	9.874790E-2	3.894116E+2	1.002485E-2	7.962230E-1	1.012735E-1	2.199360E+1	6.585013E-3	5.276666E-1	3.334907E-3	2.260619E+1	6.066657E-3	1.647222E+0	9.883446E-3	2.255798E+1	3.419972E-3	5.617909E-1	8.368522E-3	2.241469E+1	3.780536E-3	2.247030E+1	4.138711E-3
16.05.2025	16:42:47.3		3.327307E+0	4.302208E+0	7.170347E-2	3.327523E+0	4.302488E+0	7.170813E-2	5.389266E+2	5.340000E+2	0.000000E+0	0.000000E+0	0.000000E+0	0.000000E+0	1.004000E+2	1.000000E+2	3.495000E+2	3.500000E+2	3.051675E+0	3.100000E+0	3.600000E-1	0.000000E+0	2.000000E-1	0.000000E+0	6.000000E-1	0.000000E+0	1.000000E-1	0.000000E+0	1.200000E-1	0.000000E+0	6.176767E-2	1.468718E-2	2.182763E+1	7.680183E-3	2.254251E+0	1.474841E-2	4.373613E+2	1.296344E-2	2.720787E+2	4.063919E-1	7.012270E+1	1.793773E-1	3.894103E+2	5.778341E-3	8.048917E-1	8.759145E-2	2.199798E+1	6.828823E-3	5.269448E-1	5.247490E-3	2.260665E+1	7.355983E-3	1.645495E+0	1.215130E-2	2.255851E+1	2.822699E-3	5.601461E-1	8.870169E-3	2.240789E+1	5.937174E-3	2.246789E+1	7.006040E-3
16.05.2025	16:42:48.3		3.325503E+0	4.299875E+0	7.166459E-2	3.325503E+0	4.299875E+0	7.166459E-2	5.303632E+2	5.340000E+2	0.000000E+0	0.000000E+0	0.000000E+0	0.000000E+0	1.008000E+2	1.000000E+2	3.495000E+2	3.500000E+2	3.044250E+0	3.100000E+0	3.000000E-1	0.000000E+0	2.500000E-1	0.000000E+0	6.000000E-1	0.000000E+0	2.000000E-1	0.000000E+0	1.200000E-1	0.000000E+0	5.936212E-2	1.139205E-2	2.183068E+1	6.873619E-3	2.288504E+0	1.031459E-2	4.373832E+2	8.690099E-3	2.722915E+2	6.829101E-1	7.000942E+1	1.676039E-1	3.894282E+2	5.297806E-3	7.924476E-1	1.294522E-1	2.200488E+1	8.920910E-3	5.273515E-1	2.196299E-3	2.260792E+1	4.902771E-3	1.646359E+0	5.274295E-3	2.256119E+1	7.070261E-4	5.605432E-1	4.582463E-3	2.241447E+1	7.546456E-3	2.247438E+1	2.711969E-3
16.05.2025	16:42:49.3		3.332863E+0	4.309392E+0	7.182320E-2	3.332863E+0	4.309392E+0	7.182320E-2	5.387985E+2	5.340000E+2	0.000000E+0	0.000000E+0	0.000000E+0	0.000000E+0	1.004000E+2	1.000000E+2	3.495000E+2	3.500000E+2	3.051675E+0	3.100000E+0	3.000000E-1	0.000000E+0	2.000000E-1	0.000000E+0	7.500000E-1	0.000000E+0	2.000000E-1	0.000000E+0	1.200000E-1	0.000000E+0	5.920247E-2	1.110048E-2	2.182606E+1	3.073083E-3	2.249933E+0	1.454550E-2	4.374135E+2	1.511399E-2	2.729521E+2	7.296258E-1	7.020784E+1	1.000979E-1	3.894583E+2	1.487301E-2	8.254713E-1	9.235495E-2	2.199760E+1	3.516698E-3	5.277798E-1	2.285780E-3	2.260149E+1	2.664444E-3	1.647658E+0	6.529661E-3	2.256180E+1	7.819046E-4	5.615087E-1	4.971613E-3	2.240982E+1	3.381758E-3	2.247633E+1	2.760871E-3
16.05.2025	16:42:50.3		3.331832E+0	4.308059E+0	7.180098E-2	3.331832E+0	4.308059E+0	7.180098E-2	4.377716E+2	5.340000E+2	0.000000E+0	0.000000E+0	0.000000E+0	0.000000E+0	9.960000E+1	1.000000E+2	3.502500E+2	3.500000E+2	3.051675E+0	3.100000E+0	3.600000E-1	0.000000E+0	2.500000E-1	0.000000E+0	7.500000E-1	0.000000E+0	2.000000E-1	0.000000E+0	1.200000E-1	0.000000E+0	5.807513E-2	1.299726E-2	2.182941E+1	3.483122E-3	2.221466E+0	9.967779E-3	4.374608E+2	1.046219E-2	2.733144E+2	1.060813E+0	7.015914E+1	1.880650E-1	3.894830E+2	1.558347E-3	7.863862E-1	7.266169E-2	2.200364E+1	1.581408E-3	5.279185E-1	3.011537E-3	2.260600E+1	6.028269E-4	1.648931E+0	1.080720E-2	2.256184E+1	3.917559E-4	5.624483E-1	8.608852E-3	2.241212E+1	4.666163E-3	2.248015E+1	3.482818E-3
16.05.2025	16:42:51.3		3.333598E+0	4.310342E+0	7.183904E-2	3.333721E+0	4.310501E+0	7.184168E-2	5.400307E+2	5.340000E+2	0.000000E+0	0.000000E+0	0.000000E+0	0.000000E+0	1.000000E+2	1.000000E+2	3.495000E+2	3.500000E+2	3.036825E+0	3.100000E+0	4.200000E-1	0.000000E+0	2.000000E-1	0.000000E+0	7.500000E-1	0.000000E+0	5.000000E-2	0.000000E+0	1.200000E-1	0.000000E+0	6.026389E-2	1.193019E-2	2.182992E+1	7.910396E-3	2.215992E+0	1.017366E-2	4.375378E+2	2.986515E-2	2.740101E+2	5.749016E-1	6.986284E+1	1.746451E-1	3.894943E+2	6.850406E-3	7.973555E-1	9.299906E-2	2.200093E+1	2.138000E-3	5.271722E-1	4.898542E-3	2.260547E+1	9.201102E-4	1.647017E+0	8.135162E-3	2.256193E+1	1.460856E-3	5.608762E-1	6.016723E-3	2.241213E+1	2.132338E-3	2.247370E+1	4.343109E-3
16.05.2025	16:42:52.3		3.332061E+0	4.308355E+0	7.180592E-2	3.332061E+0	4.308355E+0	7.180592E-2	5.302697E+2	5.340000E+2	0.000000E+0	0.000000E+0	0.000000E+0	0.000000E+0	1.004000E+2	1.000000E+2	3.502500E+2	3.500000E+2	3.044250E+0	3.100000E+0	3.600000E-1	0.000000E+0	1.500000E-1	0.000000E+0	7.500000E-1	0.000000E+0	1.000000E-1	0.000000E+0	1.500000E-1	0.000000E+0	5.882226E-2	1.214953E-2	2.183395E+1	4.294799E-3	2.209752E+0	6.572471E-3	4.375964E+2	1.665330E-2	2.737374E+2	8.264740E-2	7.011209E+1	1.656459E-1	3.895261E+2	1.582216E-2	7.954015E-1	9.708924E-2	2.199570E+1	2.928849E-3	5.274413E-1	1.640342E-3	2.260586E+1	2.423800E-3	1.647751E+0	4.931873E-3	2.256173E+1	3.069960E-3	5.617400E-1	3.961290E-3	2.241404E+1	4.054717E-3	2.247593E+1	4.804778E-3
16.05.2025	16:42:53.3		3.332691E+0	4.309170E+0	7.181950E-2	3.332691E+0	4.309170E+0	7.181950E-2	5.389359E+2	5.340000E+2	0.000000E+0	0.000000E+0	0.000000E+0	0.000000E+0	1.000000E+2	1.000000E+2	3.495000E+2	3.500000E+2	3.059100E+0	3.100000E+0	3.000000E-1	0.000000E+0	2.000000E-1	0.000000E+0	7.500000E-1	0.000000E+0	1.500000E-1	0.000000E+0	1.200000E-1	0.000000E+0	5.910027E-2	1.029757E-2	2.183021E+1	1.484321E-3	2.222402E+0	1.563459E-2	4.376091E+2	1.136262E-2	2.740133E+2	3.120421E-1	7.026417E+1	8.698975E-2	3.895641E+2	2.682525E-3	7.912760E-1	9.980932E-2	2.199877E+1	3.052092E-3	5.277500E-1	1.290691E-3	2.260953E+1	4.653007E-3	1.647369E+0	2.822581E-3	2.255951E+1	9.187798E-3	5.611100E-1	2.297933E-3	2.241729E+1	7.001690E-3	2.247538E+1	1.250966E-3
16.05.2025	16:42:54.3		3.333837E+0	4.310651E+0	7.184419E-2	3.333837E+0	4.310651E+0	7.184419E-2	2.765364E+2	5.340000E+2	0.000000E+0	0.000000E+0	0.000000E+0	0.000000E+0	1.004000E+2	1.000000E+2	3.502500E+2	3.500000E+2	3.044250E+0	3.100000E+0	3.600000E-1	0.000000E+0	1.500000E-1	0.000000E+0	6.000000E-1	0.000000E+0	1.000000E-1	0.000000E+0	1.200000E-1	0.000000E+0	5.799293E-2	9.783178E-3	2.183603E+1	5.588419E-3	2.278663E+0	2.167878E-2	4.375851E+2	6.843253E-3	2.746822E+2	1.868156E-1	7.006088E+1	1.567293E-1	3.895546E+2	1.703499E-2	7.850382E-1	8.297790E-2	2.200456E+1	5.393577E-3	5.278677E-1	2.153689E-3	2.261415E+1	4.740227E-3	1.647629E+0	4.030793E-3	2.256212E+1	8.637717E-3	5.610239E-1	2.618223E-3	2.241794E+1	4.427191E-3	2.248482E+1	5.349388E-3
16.05.2025	16:42:55.3		3.332013E+0	4.308293E+0	7.180489E-2	3.332013E+0	4.308293E+0	7.180489E-2	5.382186E+2	5.340000E+2	0.000000E+0	0.000000E+0	0.000000E+0	0.000000E+0	1.004000E+2	1.000000E+2	3.487500E+2	3.500000E+2	3.051675E+0	3.100000E+0	3.000000E-1	0.000000E+0	2.500000E-1	0.000000E+0	7.500000E-1	0.000000E+0	2.000000E-1	0.000000E+0	1.200000E-1	0.000000E+0	6.002624E-2	8.733795E-3	2.183259E+1	2.712443E-3	2.305840E+0	1.131095E-2	4.375720E+2	4.750090E-3	2.746842E+2	1.858000E-1	7.000132E+1	8.668109E-2	3.895160E+2	4.734778E-3	7.755902E-1	9.478907E-2	2.200057E+1	3.049413E-4	5.280558E-1	1.462494E-3	2.261112E+1	4.511863E-3	1.648626E+0	5.146586E-3	2.256047E+1	6.625734E-3	5.618152E-1	3.926705E-3	2.241949E+1	1.743865E-3	2.247928E+1	1.997958E-3
16.05.2025	16:42:56.3		3.336720E+0	4.314379E+0	7.190632E-2	3.336720E+0	4.314379E+0	7.190632E-2	5.303817E+2	5.340000E+2	0.000000E+0	0.000000E+0	0.000000E+0	0.000000E+0	1.004000E+2	1.000000E+2	3.502500E+2	3.500000E+2	3.036825E+0	3.100000E+0	3.600000E-1	0.000000E+0	2.000000E-1	0.000000E+0	9.000000E-1	0.000000E+0	1.500000E-1	0.000000E+0	1.200000E-1	0.000000E+0	5.770134E-2	1.050030E-2	2.182951E+1	1.025384E-3	2.281022E+0	8.843385E-3	4.375466E+2	2.382972E-2	2.747494E+2	6.361873E-1	7.000178E+1	2.485932E-2	3.895170E+2	2.744397E-3	7.931707E-1	6.987643E-2	2.199868E+1	1.050808E-3	5.283453E-1	2.847891E-3	2.260909E+1	3.336427E-3	1.648513E+0	5.680106E-3	2.255817E+1	7.112309E-3	5.618465E-1	4.821721E-3	2.241148E+1	1.485898E-3	2.247620E+1	3.276293E-3
16.05.2025	16:42:57.3		3.330515E+0	4.306355E+0	7.177259E-2	3.330515E+0	4.306355E+0	7.177259E-2	5.400432E+2	5.340000E+2	0.000000E+0	0.000000E+0	0.000000E+0	0.000000E+0	1.004000E+2	1.000000E+2	3.502500E+2	3.500000E+2	3.044250E+0	3.100000E+0	3.600000E-1	0.000000E+0	2.000000E-1	0.000000E+0	6.000000E-1	0.000000E+0	2.000000E-1	0.000000E+0	9.000000E-2	0.000000E+0	5.756336E-2	9.405931E-3	2.183015E+1	1.025312E-3	2.245478E+0	1.602309E-2	4.375904E+2	1.487090E-2	2.742002E+2	1.427457E-1	7.004156E+1	7.825833E-2	3.895277E+2	9.253483E-3	8.067244E-1	1.099085E-1	2.200177E+1	2.925341E-3	5.286178E-1	4.782877E-3	2.260701E+1	2.383552E-3	1.649032E+0	7.806220E-3	2.256606E+1	2.165613E-3	5.621200E-1	7.075943E-3	2.241561E+1	3.536891E-3	2.247930E+1	4.269472E-3
16.05.2025	16:42:58.3		3.322276E+0	4.295703E+0	7.159506E-2	3.322276E+0	4.295703E+0	7.159506E-2	5.299615E+2	5.340000E+2	0.000000E+0	0.000000E+0	0.000000E+0	0.000000E+0	1.004000E+2	1.000000E+2	3.487500E+2	3.500000E+2	3.051675E+0	3.100000E+0	3.600000E-1	0.000000E+0	2.500000E-1	0.000000E+0	7.500000E-1	0.000000E+0	1.500000E-1	0.000000E+0	1.500000E-1	0.000000E+0	5.783586E-2	1.126808E-2	2.182651E+1	4.664209E-3	2.224550E+0	1.208031E-2	4.376095E+2	9.699095E-3	2.745363E+2	1.913670E-1	6.997092E+1	1.862030E-1	3.895216E+2	9.948090E-3	8.129393E-1	1.069756E-1	2.200332E+1	3.573040E-3	5.286841E-1	4.716623E-3	2.260321E+1	1.779011E-3	1.649750E+0	1.042870E-2	2.256356E+1	5.723052E-3	5.626799E-1	8.689001E-3	2.241009E+1	6.492077E-3	2.247809E+1	1.716072E-3
16.05.2025	16:42:59.3		3.330563E+0	4.306417E+0	7.177363E-2	3.330563E+0	4.306417E+0	7.177363E-2	5.388554E+2	5.340000E+2	0.000000E+0	0.000000E+0	0.000000E+0	0.000000E+0	1.004000E+2	1.000000E+2	3.495000E+2	3.500000E+2	3.059100E+0	3.100000E+0	3.000000E-1	0.000000E+0	2.500000E-1	0.000000E+0	7.500000E-1	0.000000E+0	2.000000E-1	0.000000E+0	1.500000E-1	0.000000E+0	5.907514E-2	7.356581E-3	2.182837E+1	2.351004E-3	2.198297E+0	1.218251E-2	4.375782E+2	1.118070E-2	2.747658E+2	8.760658E-1	6.990360E+1	1.822687E-1	3.895274E+2	1.885280E-2	7.975719E-1	1.125666E-1	2.199888E+1	1.422955E-3	5.282542E-1	1.884934E-3	2.260800E+1	2.374429E-3	1.648648E+0	5.533807E-3	2.256405E+1	2.072818E-3	5.620342E-1	4.479445E-3	2.240362E+1	5.239953E-3	2.247900E+1	2.911755E-3
16.05.2025	16:43:00.3		3.330677E+0	4.306565E+0	7.177609E-2	3.330677E+0	4.306565E+0	7.177609E-2	5.306548E+2	5.340000E+2	0.000000E+0	0.000000E+0	0.000000E+0	0.000000E+0	1.008000E+2	1.000000E+2	3.502500E+2	3.500000E+2	3.059100E+0	3.100000E+0	2.400000E-1	0.000000E+0	2.000000E-1	0.000000E+0	7.500000E-1	0.000000E+0	2.000000E-1	0.000000E+0	1.500000E-1	0.000000E+0	5.886800E-2	1.575834E-2	2.182902E+1	1.155196E-3	2.228954E+0	7.174109E-3	4.375361E+2	1.955389E-2	2.750022E+2	1.031209E+0	6.988017E+1	2.512171E-1	3.895340E+2	1.332145E-2	7.773546E-1	1.175723E-1	2.199628E+1	2.769604E-3	5.284869E-1	2.045888E-3	2.260923E+1	1.163465E-3	1.649042E+0	4.622996E-3	2.256349E+1	1.204883E-3	5.623236E-1	3.755126E-3	2.240784E+1	2.703255E-3	2.247269E+1	3.145809E-3
16.05.2025	16:43:01.3		3.332539E+0	4.308972E+0	7.181621E-2	3.332539E+0	4.308972E+0	7.181621E-2	5.377237E+2	5.340000E+2	0.000000E+0	0.000000E+0	0.000000E+0	0.000000E+0	1.004000E+2	1.000000E+2	3.502500E+2	3.500000E+2	3.051675E+0	3.100000E+0	3.000000E-1	0.000000E+0	2.000000E-1	0.000000E+0	7.500000E-1	0.000000E+0	2.000000E-1	0.000000E+0	1.200000E-1	0.000000E+0	5.907319E-2	1.581688E-2	2.182679E+1	1.115788E-3	2.261945E+0	1.534956E-2	4.374863E+2	1.084579E-2	2.755820E+2	8.746693E-1	7.002292E+1	3.403620E-1	3.895018E+2	1.409582E-2	7.859088E-1	7.263532E-2	2.198985E+1	3.154876E-3	5.280350E-1	2.054689E-3	2.260452E+1	5.252884E-3	1.648069E+0	5.562520E-3	2.255867E+1	2.807082E-3	5.619484E-1	5.162591E-3	2.241137E+1	6.175741E-4	2.247301E+1	5.237052E-3
16.05.2025	16:43:02.3		3.331203E+0	4.307245E+0	7.178741E-2	3.331203E+0	4.307245E+0	7.178741E-2	4.171126E+2	5.340000E+2	0.000000E+0	0.000000E+0	0.000000E+0	0.000000E+0	1.004000E+2	1.000000E+2	3.502500E+2	3.500000E+2	3.044250E+0	3.100000E+0	3.000000E-1	0.000000E+0	1.500000E-1	0.000000E+0	9.000000E-1	0.000000E+0	1.000000E-1	0.000000E+0	1.500000E-1	0.000000E+0	5.863214E-2	9.189622E-3	2.183179E+1	3.296214E-3	2.297864E+0	1.507614E-2	4.374464E+2	1.705270E-2	2.756646E+2	7.159093E-1	7.019836E+1	1.309696E-1	3.894389E+2	2.722773E-2	7.870098E-1	6.811211E-2	2.200005E+1	6.562833E-3	5.280429E-1	1.662820E-3	2.260801E+1	4.631941E-3	1.647937E+0	4.135311E-3	2.256017E+1	3.160072E-3	5.618855E-1	3.265466E-3	2.241405E+1	5.016986E-3	2.247623E+1	1.484517E-3
16.05.2025	16:43:03.3		3.326391E+0	4.301023E+0	7.168373E-2	3.326391E+0	4.301023E+0	7.168373E-2	5.391610E+2	5.340000E+2	0.000000E+0	0.000000E+0	0.000000E+0	0.000000E+0	1.008000E+2	1.000000E+2	3.502500E+2	3.500000E+2	3.051675E+0	3.100000E+0	3.600000E-1	0.000000E+0	1.500000E-1	0.000000E+0	7.500000E-1	0.000000E+0	1.500000E-1	0.000000E+0	9.000000E-2	0.000000E+0	5.589827E-2	1.165388E-2	2.182695E+1	5.395783E-3	2.322313E+0	9.331209E-3	4.374067E+2	5.692905E-3	2.751993E+2	1.094812E+0	7.006134E+1	1.895062E-1	3.893888E+2	9.823498E-3	7.823915E-1	9.144249E-2	2.199302E+1	6.480726E-4	5.287865E-1	2.790523E-3	2.260688E+1	3.071029E-3	1.649064E+0	8.078997E-3	2.255534E+1	3.738022E-3	5.627852E-1	5.950171E-3	2.241228E+1	7.755404E-3	2.247247E+1	3.065177E-3
16.05.2025	16:43:04.3		3.333541E+0	4.310268E+0	7.183781E-2	3.333541E+0	4.310268E+0	7.183781E-2	5.308001E+2	5.340000E+2	0.000000E+0	0.000000E+0	0.000000E+0	0.000000E+0	1.004000E+2	1.000000E+2	3.495000E+2	3.500000E+2	3.036825E+0	3.100000E+0	3.600000E-1	0.000000E+0	2.000000E-1	0.000000E+0	6.000000E-1	0.000000E+0	1.500000E-1	0.000000E+0	9.000000E-2	0.000000E+0	5.874269E-2	6.442283E-3	2.183142E+1	6.743753E-3	2.326942E+0	7.098907E-3	4.373452E+2	2.847489E-2	2.741940E+2	1.227786E+0	6.992932E+1	1.521082E-1	3.893653E+2	3.426351E-2	7.927756E-1	7.113849E-2	2.199405E+1	3.201545E-3	5.279677E-1	1.277424E-3	2.260341E+1	2.876380E-3	1.647215E+0	3.011181E-3	2.255568E+1	2.000858E-3	5.615035E-1	2.308462E-3	2.241078E+1	1.067130E-3	2.246613E+1	3.534480E-3
16.05.2025	16:43:05.3		3.332868E+0	4.309398E+0	7.182330E-2	3.333570E+0	4.310306E+0	7.183842E-2	5.385162E+2	5.340000E+2	0.000000E+0	0.000000E+0	0.000000E+0	0.000000E+0	1.004000E+2	1.000000E+2	3.502500E+2	3.500000E+2	3.066525E+0	3.100000E+0	2.400000E-1	0.000000E+0	2.500000E-1	0.000000E+0	6.000000E-1	0.000000E+0	1.500000E-1	0.000000E+0	9.000000E-2	0.000000E+0	5.763073E-2	9.216378E-3	2.182833E+1	3.663450E-3	2.339029E+0	1.326860E-2	4.372832E+2	1.687350E-2	2.743620E+2	1.212932E+0	7.012751E+1	2.716750E-1	3.893029E+2	2.063016E-2	7.861143E-1	8.625305E-2	2.199626E+1	4.326024E-3	5.279782E-1	1.783438E-3	2.260642E+1	4.199094E-3	1.647815E+0	4.678227E-3	2.256087E+1	4.608445E-3	5.620306E-1	3.422265E-3	2.241393E+1	4.230552E-3	2.247609E+1	3.424218E-3
