date	time	comment	ai0:_P0_plenum	ai0:_P0_plenum_Stabw	ai0:_T0_plenum	ai0:_T0_plenum_Stabw	ai0:_g0_137_hood	ai0:_g0_137_hood_Stabw	ai12:_HEAT_T1_heat_in	ai12:_HEAT_T1_heat_in_Stabw	ai13:_HEAT_T2_core_out	ai13:_HEAT_T2_core_out_Stabw	ai14:_HEAT_T3_core_in	ai14:_HEAT_T3_core_in_Stabw	ai15:_HEAT_T4_heat_out	ai15:_HEAT_T4_heat_out_Stabw	ai1:_P1_fuel_HEAT	ai1:_P1_fuel_HEAT_Stabw	ai1:_T1_main_air	ai1:_T1_main_air_Stabw	ai1:_g1_135_bur	ai1:_g1_135_bur_Stabw	ai2:_T2_pilot_air_1	ai2:_T2_pilot_air_1_Stabw	ai2:_g2_137_scr	ai2:_g2_137_scr_Stabw	ai3:_T3_pilot_air_2	ai3:_T3_pilot_air_2_Stabw	ai3:_g3_135_mfc	ai3:_g3_135_mfc_Stabw	ai4:_T4_por_in	ai4:_T4_por_in_Stabw	ai6:_T6_shield	ai6:_T6_shield_Stabw	AIR-MAI	AIR-MAI.set	AIR-PIL	AIR-PIL.set	AIRHEAT	AIRHEAT.set	CH4-PIL	CH4-PIL.set	H2-MAIN	H2-MAIN.set	H2-PILO	H2-PILO.set	N2	N2.set	NH3-MAI	NH3-MAI.set
					°C	°C	V	V	°C	°C	°C	°C	°C	°C	°C	°C			°C	°C	V	V	°C	°C	V	V	°C	°C	V	V	°C	°C	°C	°C	L/MIN	L/MIN	L/MIN	L/MIN	L/MIN	L/MIN	L/MIN	L/MIN	L/MIN	L/MIN	L/MIN	L/MIN	L/Min	L/Min	L/Min	L/Min
																																																		
16.06.2025	16:37:20.7		7.657571E-4	3.558024E-3	2.225472E+1	4.052663E-3	2.276988E+0	4.907753E-3	1.908575E+1	7.083047E-4	1.409221E+1	3.943296E-4	2.014297E+1	7.037743E-3	1.235253E+1	2.826169E-2	1.986244E+0	1.218656E-1	2.211977E+1	3.747539E-3	5.371253E-1	1.485907E-3	2.181813E+1	2.400892E-3	1.747459E+0	1.849302E-3	2.177961E+1	1.031433E-3	5.890625E-1	1.760923E-3	2.218724E+1	2.997348E-3	2.215541E+1	6.213440E-4	3.140248E+0	0.000000E+0	3.486380E+2	3.500000E+2	9.814741E+0	1.000000E+1	2.489628E-1	0.000000E+0	1.925310E-1	0.000000E+0	8.551858E-1	0.000000E+0	1.500000E-1	0.000000E+0	1.244814E-1	0.000000E+0
16.06.2025	16:37:21.7		3.709476E-3	1.429670E-2	2.224944E+1	6.315352E-3	2.265056E+0	7.906531E-3	1.908305E+1	1.632558E-3	1.408486E+1	4.854354E-3	2.013519E+1	9.798400E-3	1.241272E+1	2.353076E-2	1.986974E+0	7.520786E-2	2.211763E+1	3.801703E-3	5.370708E-1	1.939107E-3	2.181289E+1	6.065939E-3	1.746569E+0	5.809322E-3	2.177086E+1	7.476974E-3	5.886912E-1	3.818709E-3	2.218963E+1	1.268825E-3	2.215539E+1	2.082119E-3	3.200000E+0	0.000000E+0	3.495000E+2	3.500000E+2	9.808425E+0	1.000000E+1	3.600000E-1	0.000000E+0	2.000000E-1	0.000000E+0	7.500000E-1	0.000000E+0	2.000000E-1	0.000000E+0	1.500000E-1	0.000000E+0
16.06.2025	16:37:22.7		1.177198E-3	3.627246E-3	2.225565E+1	4.019462E-3	2.252180E+0	5.813236E-3	1.908805E+1	7.084781E-3	1.407679E+1	1.142336E-3	2.014020E+1	2.331157E-3	1.241231E+1	3.056311E-2	1.981867E+0	5.938330E-2	2.212712E+1	9.062846E-4	5.373903E-1	1.885825E-3	2.182404E+1	5.997624E-3	1.748735E+0	7.716793E-3	2.178253E+1	3.920641E-3	5.905121E-1	6.863357E-3	2.218882E+1	2.648701E-3	2.215906E+1	1.082157E-3	2.990771E+0	0.000000E+0	3.491077E+2	3.500000E+2	9.808425E+0	1.000000E+1	3.600000E-1	0.000000E+0	1.738464E-1	0.000000E+0	5.930782E-1	0.000000E+0	1.738464E-1	0.000000E+0	1.500000E-1	0.000000E+0
16.06.2025	16:37:23.7		5.732370E-4	1.507241E-3	2.225501E+1	2.603784E-3	2.238060E+0	5.196973E-3	1.909184E+1	6.079117E-3	1.407067E+1	3.545933E-3	2.013691E+1	2.340649E-3	1.241226E+1	2.288864E-2	1.983267E+0	1.110807E-1	2.212076E+1	3.401168E-3	5.373584E-1	1.283681E-3	2.181206E+1	7.763072E-3	1.748068E+0	3.422267E-3	2.178103E+1	3.038894E-3	5.901978E-1	2.958312E-3	2.218383E+1	1.155053E-2	2.214990E+1	8.510283E-3	3.142554E+0	0.000000E+0	3.493923E+2	3.500000E+2	9.808425E+0	1.000000E+1	3.086169E-1	0.000000E+0	2.356385E-1	0.000000E+0	8.353734E-1	0.000000E+0	1.500000E-1	0.000000E+0	1.500000E-1	0.000000E+0
16.06.2025	16:37:24.7		4.343298E-4	1.288804E-3	2.225452E+1	3.309326E-3	2.243631E+0	5.849621E-3	1.908479E+1	1.697463E-3	1.406807E+1	2.431763E-3	2.013120E+1	2.311894E-3	1.239244E+1	1.079696E-2	2.000537E+0	9.236477E-2	2.212165E+1	2.212915E-3	5.368979E-1	1.766410E-3	2.181492E+1	8.625945E-3	1.747089E+0	3.915109E-3	2.178600E+1	6.399529E-3	5.893900E-1	2.879744E-3	2.218295E+1	1.111848E-2	2.215039E+1	8.778767E-3	3.138825E+0	0.000000E+0	3.495000E+2	3.500000E+2	9.808425E+0	1.000000E+1	3.600000E-1	0.000000E+0	2.000000E-1	0.000000E+0	7.500000E-1	0.000000E+0	1.500000E-1	0.000000E+0	1.800000E-1	0.000000E+0
16.06.2025	16:37:25.7		1.172494E-3	4.427701E-3	2.225078E+1	3.571674E-3	2.247318E+0	6.674796E-3	1.908541E+1	3.807902E-3	1.407124E+1	8.646389E-3	2.013347E+1	1.032062E-3	1.243390E+1	1.580906E-2	1.998807E+0	7.807980E-2	2.212120E+1	6.178647E-3	5.369726E-1	1.821026E-3	2.181547E+1	6.675991E-3	1.747867E+0	3.277544E-3	2.178497E+1	7.187967E-3	5.895919E-1	2.369211E-3	2.219441E+1	5.590547E-3	2.215824E+1	2.744943E-3	2.800000E+0	0.000000E+0	3.495000E+2	3.500000E+2	9.816160E+0	1.000000E+1	3.600000E-1	0.000000E+0	1.479139E-1	0.000000E+0	7.500000E-1	0.000000E+0	1.500000E-1	0.000000E+0	1.487484E-1	0.000000E+0
16.06.2025	16:37:26.7		6.967470E-4	1.945494E-3	2.225692E+1	6.019066E-3	2.241948E+0	7.268421E-3	1.909270E+1	6.051942E-3	1.408562E+1	5.466780E-3	2.014122E+1	6.880661E-3	1.245871E+1	1.348036E-2	1.975149E+0	6.745563E-2	2.212534E+1	9.990037E-3	5.376154E-1	3.139831E-3	2.181801E+1	1.141149E-2	1.749762E+0	7.070253E-3	2.178327E+1	3.674990E-3	5.905017E-1	4.237221E-3	2.218971E+1	6.083590E-3	2.215577E+1	4.707273E-3	3.118800E+0	0.000000E+0	3.495000E+2	3.500000E+2	9.811440E+0	1.000000E+1	3.600000E-1	0.000000E+0	1.797001E-1	0.000000E+0	7.500000E-1	0.000000E+0	1.898501E-1	0.000000E+0	1.678201E-1	0.000000E+0
16.06.2025	16:37:27.7		1.235073E-3	4.940715E-3	2.225114E+1	3.600309E-3	2.246087E+0	5.094302E-3	1.908638E+1	2.717942E-3	1.407561E+1	2.062141E-3	2.013133E+1	1.723991E-3	1.245323E+1	1.448745E-2	2.007199E+0	8.044347E-2	2.211165E+1	3.858167E-3	5.371295E-1	2.396125E-3	2.180899E+1	6.613009E-3	1.748447E+0	5.782320E-3	2.177902E+1	1.151835E-3	5.896447E-1	4.193843E-3	2.218249E+1	2.920280E-3	2.214797E+1	4.560350E-4	3.200000E+0	0.000000E+0	3.502500E+2	3.500000E+2	9.815850E+0	1.000000E+1	3.000000E-1	0.000000E+0	2.000000E-1	0.000000E+0	7.500000E-1	0.000000E+0	1.500000E-1	0.000000E+0	1.200000E-1	0.000000E+0
16.06.2025	16:37:28.7		1.838780E-3	6.830512E-3	2.225031E+1	2.042434E-3	2.248241E+0	4.590998E-3	1.908102E+1	8.128661E-3	1.407153E+1	8.058020E-3	2.013162E+1	1.123899E-2	1.241011E+1	7.827097E-3	1.987102E+0	1.004026E-1	2.211435E+1	3.114019E-3	5.371880E-1	2.239756E-3	2.180813E+1	3.166115E-3	1.748693E+0	5.153430E-3	2.177575E+1	7.695173E-3	5.898831E-1	3.687749E-3	2.218364E+1	4.651065E-3	2.215492E+1	3.526047E-3	2.991981E+0	0.000000E+0	3.502500E+2	3.500000E+2	9.811989E+0	1.000000E+1	3.312029E-1	0.000000E+0	2.000000E-1	0.000000E+0	7.500000E-1	0.000000E+0	1.500000E-1	0.000000E+0	1.356015E-1	0.000000E+0
16.06.2025	16:37:29.7		9.764160E-4	3.612479E-3	2.224987E+1	1.350874E-3	2.256420E+0	5.407862E-3	1.907983E+1	6.155487E-3	1.406725E+1	3.525297E-3	2.012719E+1	5.947197E-3	1.242328E+1	1.048656E-2	1.996042E+0	6.297141E-2	2.211416E+1	2.725776E-3	5.374038E-1	2.727336E-3	2.181266E+1	6.781577E-3	1.749334E+0	8.790912E-3	2.177644E+1	6.812215E-3	5.905514E-1	6.571995E-3	2.218246E+1	3.374662E-3	2.214894E+1	1.670350E-3	2.800000E+0	0.000000E+0	3.489687E+2	3.500000E+2	9.814767E+0	1.000000E+1	2.062466E-1	0.000000E+0	2.000000E-1	0.000000E+0	8.781279E-1	0.000000E+0	1.072907E-1	0.000000E+0	1.243744E-1	0.000000E+0
16.06.2025	16:37:30.7		1.910129E-3	6.116014E-3	2.225592E+1	5.961040E-3	2.266881E+0	7.728266E-3	1.907986E+1	4.011690E-3	1.407344E+1	3.669536E-3	2.013125E+1	4.150291E-3	1.240787E+1	1.726640E-2	1.987151E+0	9.359383E-2	2.211728E+1	5.305910E-3	5.374563E-1	3.609773E-3	2.180866E+1	3.956894E-3	1.748194E+0	7.413407E-3	2.177928E+1	6.160269E-3	5.900253E-1	5.674971E-3	2.219293E+1	4.425017E-3	2.215083E+1	4.422339E-4	2.717113E+0	0.000000E+0	3.489054E+2	3.500000E+2	9.801000E+0	1.000000E+1	3.000000E-1	0.000000E+0	2.000000E-1	0.000000E+0	6.000000E-1	0.000000E+0	1.000000E-1	0.000000E+0	1.800000E-1	0.000000E+0
16.06.2025	16:37:31.7		8.430854E-4	2.066817E-3	2.225526E+1	3.172261E-3	2.282437E+0	1.014614E-2	1.907877E+1	2.122912E-3	1.407345E+1	1.687922E-3	2.013102E+1	2.672905E-3	1.233243E+1	2.363465E-2	2.001077E+0	5.926773E-2	2.212010E+1	3.706167E-3	5.370889E-1	2.018804E-3	2.181371E+1	6.691226E-4	1.747924E+0	5.021452E-3	2.177860E+1	2.395435E-3	5.895816E-1	3.655624E-3	2.218474E+1	4.303143E-3	2.214353E+1	3.048405E-3	2.861434E+0	0.000000E+0	3.495000E+2	3.500000E+2	9.813848E+0	1.000000E+1	3.000000E-1	0.000000E+0	2.000000E-1	0.000000E+0	7.730377E-1	0.000000E+0	1.000000E-1	0.000000E+0	1.626962E-1	0.000000E+0
16.06.2025	16:37:32.7		1.257332E-3	3.086046E-3	2.225799E+1	1.246371E-3	2.300216E+0	4.855964E-3	1.909096E+1	9.225820E-3	1.408543E+1	1.052073E-2	2.013411E+1	1.887716E-3	1.234857E+1	1.294080E-2	1.987133E+0	9.707317E-2	2.212552E+1	1.458302E-3	5.373116E-1	1.896262E-3	2.181956E+1	3.779192E-3	1.749310E+0	4.532114E-3	2.177772E+1	1.393246E-3	5.906333E-1	3.333456E-3	2.218674E+1	3.296470E-3	2.215082E+1	4.116906E-3	3.200000E+0	0.000000E+0	3.480086E+2	3.500000E+2	9.801128E+0	1.000000E+1	3.596549E-1	0.000000E+0	2.000000E-1	0.000000E+0	6.017255E-1	0.000000E+0	1.994248E-1	0.000000E+0	1.500000E-1	0.000000E+0
16.06.2025	16:37:33.7		1.626920E-3	6.323667E-3	2.225528E+1	2.489530E-3	2.298155E+0	5.050285E-3	1.909342E+1	5.290669E-3	1.407757E+1	6.688822E-3	2.012996E+1	3.559090E-3	1.240402E+1	2.174549E-3	1.995796E+0	9.153912E-2	2.211843E+1	1.991357E-3	5.368773E-1	1.594494E-3	2.181834E+1	3.977739E-5	1.747411E+0	2.640553E-3	2.178174E+1	2.994240E-3	5.894785E-1	2.169276E-3	2.218571E+1	2.226889E-3	2.216085E+1	8.854280E-4	3.200000E+0	0.000000E+0	3.484347E+2	3.500000E+2	9.805304E+0	1.000000E+1	3.252206E-1	0.000000E+0	2.144914E-1	0.000000E+0	6.434742E-1	0.000000E+0	1.710172E-1	0.000000E+0	1.413052E-1	0.000000E+0
16.06.2025	16:37:34.7		9.135024E-4	2.689043E-3	2.226047E+1	4.627154E-3	2.290488E+0	7.184239E-3	1.909593E+1	4.385168E-3	1.407813E+1	5.252510E-3	2.013329E+1	2.732080E-3	1.237212E+1	3.268404E-2	2.000828E+0	1.265191E-1	2.212158E+1	2.802171E-3	5.372210E-1	2.880475E-3	2.181575E+1	1.405535E-3	1.748466E+0	4.726409E-3	2.178905E+1	2.769705E-3	5.895971E-1	3.335572E-3	2.219112E+1	3.411355E-3	2.215772E+1	3.223046E-3	2.951008E+0	0.000000E+0	3.490331E+2	3.500000E+2	9.806606E+0	1.000000E+1	2.773488E-1	0.000000E+0	1.566280E-1	0.000000E+0	7.500000E-1	0.000000E+0	1.311240E-1	0.000000E+0	1.386744E-1	0.000000E+0
16.06.2025	16:37:35.7		1.258682E-3	2.828246E-3	2.225095E+1	1.551938E-2	2.282515E+0	5.386178E-3	1.909217E+1	9.106229E-3	1.407422E+1	8.561850E-3	2.013547E+1	2.418548E-3	1.240193E+1	1.413026E-2	2.007340E+0	1.074628E-1	2.211679E+1	4.713858E-3	5.368908E-1	1.290757E-3	2.180469E+1	8.740274E-3	1.747882E+0	3.002590E-3	2.178112E+1	5.175272E-3	5.890783E-1	2.637566E-3	2.218295E+1	1.218632E-2	2.215071E+1	9.312459E-3	3.200000E+0	0.000000E+0	3.495000E+2	3.500000E+2	9.808425E+0	1.000000E+1	3.000000E-1	0.000000E+0	1.000000E-1	0.000000E+0	7.500000E-1	0.000000E+0	1.500000E-1	0.000000E+0	0.000000E+0	0.000000E+0
16.06.2025	16:37:36.7		2.668326E-3	8.657138E-3	2.224553E+1	2.039972E-3	2.275630E+0	6.464604E-3	1.908539E+1	1.716685E-3	1.406846E+1	6.571486E-3	2.012379E+1	6.909726E-3	1.244983E+1	2.618554E-2	1.972459E+0	7.163173E-2	2.211346E+1	3.379206E-3	5.368721E-1	1.975867E-3	2.180870E+1	2.364158E-3	1.746986E+0	4.169006E-3	2.177922E+1	3.629434E-3	5.883728E-1	2.952613E-3	2.218825E+1	3.379133E-3	2.214672E+1	1.414405E-3	3.200000E+0	0.000000E+0	3.498244E+2	3.500000E+2	9.811637E+0	1.000000E+1	3.259528E-1	0.000000E+0	1.216274E-1	0.000000E+0	8.148821E-1	0.000000E+0	1.500000E-1	0.000000E+0	6.488206E-2	0.000000E+0
16.06.2025	16:37:37.7		2.066406E-3	7.780359E-3	2.225293E+1	3.594354E-3	2.263981E+0	7.393979E-3	1.909810E+1	9.135273E-3	1.407674E+1	1.008201E-2	2.013129E+1	1.047850E-2	1.243630E+1	2.029986E-2	1.988352E+0	1.075673E-1	2.211724E+1	5.269156E-3	5.361041E-1	3.448976E-3	2.181749E+1	8.590297E-3	1.745695E+0	7.728075E-3	2.177819E+1	2.528577E-3	5.876068E-1	5.434628E-3	2.218931E+1	3.039363E-3	2.215543E+1	5.187334E-3	3.200000E+0	0.000000E+0	3.496920E+2	3.500000E+2	9.815850E+0	1.000000E+1	3.153589E-1	0.000000E+0	1.872009E-1	0.000000E+0	7.883972E-1	0.000000E+0	1.500000E-1	0.000000E+0	1.276794E-1	0.000000E+0
16.06.2025	16:37:38.7		1.120763E-3	3.704644E-3	2.224979E+1	1.905414E-3	2.262618E+0	5.563291E-3	1.908708E+1	1.385730E-3	1.408150E+1	2.833843E-3	2.012569E+1	4.624225E-3	1.238428E+1	1.544531E-2	1.997981E+0	7.975119E-2	2.211747E+1	2.415891E-3	5.371901E-1	2.199722E-3	2.180751E+1	3.278988E-3	1.748631E+0	9.526322E-3	2.177598E+1	7.847366E-4	5.900021E-1	8.954274E-3	2.218172E+1	2.964623E-3	2.214599E+1	7.578345E-3	3.200000E+0	0.000000E+0	3.502500E+2	3.500000E+2	9.801000E+0	1.000000E+1	3.000000E-1	0.000000E+0	2.000000E-1	0.000000E+0	7.500000E-1	0.000000E+0	1.000000E-1	0.000000E+0	1.800000E-1	0.000000E+0
16.06.2025	16:37:39.7		1.653738E-3	4.944667E-3	2.224859E+1	6.203831E-3	2.266747E+0	5.505657E-3	1.908455E+1	1.041121E-2	1.407924E+1	3.617217E-4	2.011670E+1	3.380253E-3	1.241312E+1	1.707184E-2	1.985434E+0	8.234870E-2	2.211142E+1	4.760697E-3	5.367621E-1	3.128662E-3	2.180695E+1	3.595689E-3	1.746971E+0	5.733031E-3	2.177951E+1	3.191145E-3	5.885170E-1	4.585327E-3	2.218412E+1	4.299661E-3	2.214852E+1	4.306098E-3	3.200000E+0	0.000000E+0	3.498418E+2	3.500000E+2	9.813124E+0	1.000000E+1	3.326559E-1	0.000000E+0	1.727867E-1	0.000000E+0	8.316398E-1	0.000000E+0	1.272133E-1	0.000000E+0	1.636720E-1	0.000000E+0
16.06.2025	16:37:40.7		5.359638E-4	2.024916E-3	2.226247E+1	5.100803E-3	2.270943E+0	7.360935E-3	1.910424E+1	4.586864E-3	1.408867E+1	8.206769E-3	2.012735E+1	5.486091E-3	1.240144E+1	1.821441E-2	1.990901E+0	7.045795E-2	2.212040E+1	5.387995E-3	5.375253E-1	3.283537E-3	2.181402E+1	2.208005E-3	1.749439E+0	1.161848E-2	2.178184E+1	4.678172E-3	5.905419E-1	8.859886E-3	2.219230E+1	3.240902E-3	2.215491E+1	3.664188E-3	3.200000E+0	0.000000E+0	3.495000E+2	3.500000E+2	9.809036E+0	1.000000E+1	3.600000E-1	0.000000E+0	1.500000E-1	0.000000E+0	9.000000E-1	0.000000E+0	1.500000E-1	0.000000E+0	1.500000E-1	0.000000E+0
16.06.2025	16:37:41.7		2.975765E-3	1.175563E-2	2.224576E+1	6.725397E-4	2.280018E+0	7.781478E-3	1.909053E+1	4.521682E-4	1.408045E+1	5.848632E-3	2.012446E+1	1.151074E-3	1.242250E+1	1.672143E-2	2.004325E+0	8.058073E-2	2.210799E+1	3.605390E-3	5.363408E-1	3.955745E-3	2.181112E+1	1.318636E-3	1.746039E+0	9.016727E-3	2.178097E+1	2.171752E-3	5.881024E-1	6.634675E-3	2.218295E+1	4.820249E-3	2.214552E+1	6.913325E-3	3.200000E+0	0.000000E+0	3.495000E+2	3.500000E+2	9.813534E+0	1.000000E+1	3.187172E-1	0.000000E+0	1.500000E-1	0.000000E+0	8.483966E-1	0.000000E+0	1.500000E-1	0.000000E+0	1.396793E-1	0.000000E+0
16.06.2025	16:37:42.7		1.863781E-3	8.935057E-3	2.225161E+1	3.295549E-3	2.274010E+0	9.583445E-3	1.909457E+1	3.478774E-3	1.408624E+1	1.362885E-3	2.013076E+1	4.355481E-3	1.242815E+1	8.137215E-3	1.988798E+0	6.865738E-2	2.212392E+1	7.699158E-3	5.377234E-1	3.456291E-3	2.181651E+1	2.829026E-3	1.748721E+0	8.678516E-3	2.178214E+1	1.864101E-3	5.904282E-1	5.760680E-3	2.219095E+1	1.445009E-3	2.215736E+1	4.144167E-3	2.907224E+0	0.000000E+0	3.495000E+2	3.500000E+2	9.801536E+0	1.000000E+1	2.839164E-1	0.000000E+0	1.865970E-1	0.000000E+0	8.597909E-1	0.000000E+0	1.134030E-1	0.000000E+0	1.200000E-1	0.000000E+0
16.06.2025	16:37:43.7		2.727177E-3	7.160617E-3	2.225549E+1	1.197572E-3	2.265402E+0	6.671078E-3	1.909464E+1	5.862628E-3	1.407727E+1	5.647605E-3	2.013029E+1	5.503180E-3	1.242720E+1	4.286598E-3	1.977825E+0	1.039996E-1	2.211651E+1	1.584734E-3	5.375861E-1	3.299186E-3	2.181028E+1	3.553816E-3	1.748681E+0	7.601402E-3	2.178244E+1	3.732710E-3	5.908686E-1	5.551145E-3	2.219028E+1	2.680091E-3	2.214740E+1	3.964053E-3	3.200000E+0	0.000000E+0	3.487500E+2	3.500000E+2	9.801000E+0	1.000000E+1	3.600000E-1	0.000000E+0	2.000000E-1	0.000000E+0	7.500000E-1	0.000000E+0	2.000000E-1	0.000000E+0	1.800000E-1	0.000000E+0
16.06.2025	16:37:44.7		3.345689E-3	1.493989E-2	2.225393E+1	5.499806E-3	2.258148E+0	5.175782E-3	1.909410E+1	7.777159E-3	1.406908E+1	4.411462E-3	2.012655E+1	1.033068E-2	1.237068E+1	2.620035E-2	1.994973E+0	6.431789E-2	2.212066E+1	6.958623E-3	5.371558E-1	1.944994E-3	2.181292E+1	2.767734E-3	1.747425E+0	4.961944E-3	2.178165E+1	7.819832E-3	5.903771E-1	4.898367E-3	2.219513E+1	9.551940E-3	2.215212E+1	4.958764E-3	3.200000E+0	0.000000E+0	3.491096E+2	3.500000E+2	9.808120E+0	1.000000E+1	3.312306E-1	0.000000E+0	2.000000E-1	0.000000E+0	8.219236E-1	0.000000E+0	1.760255E-1	0.000000E+0	1.512306E-1	0.000000E+0
16.06.2025	16:37:45.7		1.991632E-3	7.719926E-3	2.225065E+1	3.851661E-3	2.256204E+0	6.941391E-3	1.909533E+1	7.438912E-3	1.407693E+1	9.100329E-3	2.012091E+1	7.467535E-3	1.236119E+1	2.453157E-2	1.998757E+0	1.016854E-1	2.211772E+1	4.072040E-3	5.370592E-1	2.098491E-3	2.181455E+1	3.655764E-3	1.747287E+0	5.221855E-3	2.177816E+1	6.655829E-3	5.901482E-1	3.811089E-3	2.219124E+1	5.655792E-3	2.215492E+1	5.646339E-3	2.839702E+0	0.000000E+0	3.488244E+2	3.500000E+2	9.802474E+0	1.000000E+1	3.000000E-1	0.000000E+0	2.000000E-1	0.000000E+0	9.000000E-1	0.000000E+0	1.500000E-1	0.000000E+0	1.200000E-1	0.000000E+0
16.06.2025	16:37:46.7		2.427794E-3	9.378917E-3	2.225198E+1	8.205039E-3	2.272622E+0	6.587511E-3	1.909422E+1	6.516433E-3	1.406170E+1	1.566447E-2	2.012638E+1	1.291668E-2	1.232376E+1	2.315050E-2	2.002966E+0	8.063169E-2	2.211521E+1	7.618179E-3	5.367511E-1	2.368063E-3	2.181300E+1	9.531414E-3	1.746968E+0	5.335907E-3	2.178471E+1	9.950014E-3	5.897816E-1	3.159838E-3	2.218484E+1	6.991095E-3	2.215800E+1	2.858255E-3	2.916489E+0	0.000000E+0	3.489684E+2	3.500000E+2	9.793575E+0	1.000000E+1	3.000000E-1	0.000000E+0	2.000000E-1	0.000000E+0	9.000000E-1	0.000000E+0	1.500000E-1	0.000000E+0	1.200000E-1	0.000000E+0
16.06.2025	16:37:47.7		2.289459E-3	1.271498E-2	2.224907E+1	3.063038E-3	2.279997E+0	5.347049E-3	1.909020E+1	2.543379E-3	1.405716E+1	4.572639E-3	2.012112E+1	5.204083E-3	1.232760E+1	1.112911E-2	1.995488E+0	8.998016E-2	2.211293E+1	2.466288E-3	5.369604E-1	2.378728E-3	2.180796E+1	2.509720E-3	1.747410E+0	4.218764E-3	2.177731E+1	1.525371E-3	5.896941E-1	4.180728E-3	2.217747E+1	3.659258E-3	2.214466E+1	4.543473E-3	2.909633E+0	0.000000E+0	3.489556E+2	3.500000E+2	9.804355E+0	1.000000E+1	3.435551E-1	0.000000E+0	1.637041E-1	0.000000E+0	6.822247E-1	0.000000E+0	1.137041E-1	0.000000E+0	1.417775E-1	0.000000E+0
16.06.2025	16:37:48.7		2.030347E-3	7.711416E-3	2.225535E+1	2.249169E-3	2.276282E+0	5.332474E-3	1.909715E+1	2.347046E-3	1.406587E+1	5.749737E-3	2.012886E+1	2.280296E-3	1.235783E+1	2.099063E-2	1.979802E+0	1.005783E-1	2.211844E+1	5.149612E-3	5.368613E-1	1.656689E-3	2.181483E+1	7.359706E-3	1.747609E+0	2.854957E-3	2.178398E+1	4.403609E-3	5.895518E-1	2.449050E-3	2.218438E+1	1.257950E-3	2.214888E+1	4.085079E-3	2.800000E+0	0.000000E+0	3.495000E+2	3.500000E+2	9.823275E+0	1.000000E+1	3.000000E-1	0.000000E+0	1.000000E-1	0.000000E+0	6.000000E-1	0.000000E+0	2.000000E-1	0.000000E+0	1.500000E-1	0.000000E+0
16.06.2025	16:37:49.7		2.785094E-3	1.329320E-2	2.224865E+1	3.537473E-3	2.278100E+0	6.960755E-3	1.909352E+1	1.466009E-3	1.406356E+1	2.158894E-3	2.011751E+1	5.196407E-3	1.239036E+1	8.915847E-3	1.994608E+0	6.200748E-2	2.211296E+1	1.183209E-3	5.371961E-1	4.022855E-3	2.180259E+1	9.174902E-4	1.748504E+0	3.496969E-3	2.177205E+1	2.288533E-3	5.902804E-1	4.138197E-3	2.217909E+1	6.461159E-4	2.213764E+1	2.798317E-3	2.800000E+0	0.000000E+0	3.499250E+2	3.500000E+2	9.827482E+0	1.000000E+1	3.000000E-1	0.000000E+0	1.566620E-1	0.000000E+0	7.699860E-1	0.000000E+0	1.433380E-1	0.000000E+0	1.160028E-1	0.000000E+0
16.06.2025	16:37:50.7		2.003473E-3	6.361022E-3	2.224832E+1	3.499350E-3	2.263160E+0	6.101679E-3	1.909336E+1	9.579795E-4	1.406634E+1	1.474000E-3	2.012916E+1	3.251053E-3	1.237801E+1	1.006786E-2	1.976788E+0	8.886090E-2	2.211999E+1	5.373433E-3	5.367904E-1	2.658546E-3	2.180545E+1	1.195180E-3	1.750141E+0	9.608002E-3	2.177966E+1	5.495526E-3	5.908838E-1	6.376009E-3	2.218231E+1	2.712948E-3	2.215050E+1	7.343309E-3	3.200000E+0	0.000000E+0	3.502500E+2	3.500000E+2	9.823275E+0	1.000000E+1	2.400000E-1	0.000000E+0	1.500000E-1	0.000000E+0	9.000000E-1	0.000000E+0	1.500000E-1	0.000000E+0	1.500000E-1	0.000000E+0
16.06.2025	16:37:51.7		1.565434E-3	3.964331E-3	2.225694E+1	5.309953E-3	2.260273E+0	9.661667E-3	1.909884E+1	4.538187E-3	1.406557E+1	2.185201E-3	2.012639E+1	1.506836E-3	1.239629E+1	1.207039E-3	1.998762E+0	9.363707E-2	2.211889E+1	2.609827E-3	5.376093E-1	6.404106E-3	2.181362E+1	6.313574E-3	1.750262E+0	1.023263E-2	2.178518E+1	4.515621E-3	5.910402E-1	9.893512E-3	2.218528E+1	2.576172E-3	2.214530E+1	2.398917E-3	2.861611E+0	0.000000E+0	3.499328E+2	3.500000E+2	9.816994E+0	1.000000E+1	2.653792E-1	0.000000E+0	1.922986E-1	0.000000E+0	9.000000E-1	0.000000E+0	1.500000E-1	0.000000E+0	1.373104E-1	0.000000E+0
16.06.2025	16:37:52.7		2.087190E-3	6.950791E-3	2.224941E+1	4.537477E-3	2.265556E+0	7.484456E-3	1.908763E+1	4.511775E-3	1.406403E+1	4.503342E-3	2.012446E+1	1.412168E-3	1.235374E+1	1.189573E-2	2.001067E+0	5.949059E-2	2.212194E+1	1.164828E-3	5.363615E-1	2.921733E-3	2.180727E+1	4.389723E-3	1.748100E+0	8.024078E-3	2.177809E+1	4.246165E-3	5.890618E-1	5.734797E-3	2.218765E+1	3.289989E-3	2.215065E+1	1.569046E-3	2.400000E+0	0.000000E+0	3.495000E+2	3.500000E+2	9.814784E+0	1.000000E+1	3.000000E-1	0.000000E+0	2.071795E-1	0.000000E+0	6.430770E-1	0.000000E+0	6.435902E-2	0.000000E+0	1.200000E-1	0.000000E+0
16.06.2025	16:37:53.7		1.700958E-3	5.489891E-3	2.224869E+1	3.170259E-3	2.274565E+0	5.814354E-3	1.908642E+1	2.677468E-3	1.406345E+1	4.693316E-3	2.012123E+1	1.813676E-3	1.234092E+1	9.673807E-3	1.988786E+0	6.184134E-2	2.211882E+1	6.232378E-3	5.361551E-1	2.666901E-3	2.180870E+1	4.251886E-3	1.749172E+0	5.703710E-3	2.178007E+1	4.913634E-3	5.897787E-1	4.738066E-3	2.219046E+1	4.590772E-3	2.215577E+1	7.093651E-3	2.481666E+0	0.000000E+0	3.495000E+2	3.500000E+2	9.808425E+0	1.000000E+1	2.400000E-1	0.000000E+0	1.500000E-1	0.000000E+0	9.000000E-1	0.000000E+0	1.000000E-1	0.000000E+0	1.200000E-1	0.000000E+0
16.06.2025	16:37:54.7		7.918588E-4	2.848039E-3	2.225223E+1	9.084410E-4	2.279631E+0	4.605040E-3	1.909021E+1	1.027479E-2	1.406441E+1	6.530291E-3	2.012493E+1	8.631112E-4	1.234585E+1	3.873465E-3	1.991892E+0	5.854992E-2	2.211094E+1	1.139615E-2	5.366446E-1	8.223177E-4	2.181726E+1	8.422544E-3	1.749932E+0	2.601417E-3	2.178562E+1	8.789358E-3	5.899296E-1	2.364788E-3	2.218966E+1	1.058247E-3	2.214401E+1	2.759874E-3	2.800000E+0	0.000000E+0	3.495000E+2	3.500000E+2	9.803732E+0	1.000000E+1	3.158404E-1	0.000000E+0	1.500000E-1	0.000000E+0	8.051996E-1	0.000000E+0	1.316001E-1	0.000000E+0	1.389601E-1	0.000000E+0
16.06.2025	16:37:55.7		1.948546E-3	6.609869E-3	2.225541E+1	3.512784E-3	2.286133E+0	6.057626E-3	1.909323E+1	4.100306E-3	1.407741E+1	9.042337E-3	2.012509E+1	5.396269E-3	1.242247E+1	3.321360E-2	1.989328E+0	7.746157E-2	2.211465E+1	8.022679E-3	5.371172E-1	2.950161E-3	2.181679E+1	6.408997E-3	1.751107E+0	9.573748E-3	2.178406E+1	7.258490E-3	5.904433E-1	7.317611E-3	2.218582E+1	1.102467E-2	2.214778E+1	1.866021E-3	2.400000E+0	0.000000E+0	3.480000E+2	3.500000E+2	9.801000E+0	1.000000E+1	3.600000E-1	0.000000E+0	1.500000E-1	0.000000E+0	7.500000E-1	0.000000E+0	1.000000E-1	0.000000E+0	1.500000E-1	0.000000E+0
16.06.2025	16:37:56.7		3.304981E-3	1.368496E-2	2.225828E+1	6.644036E-3	2.291930E+0	5.639185E-3	1.909692E+1	7.266058E-3	1.407360E+1	7.784224E-3	2.012422E+1	6.691959E-3	1.241449E+1	5.627404E-3	1.990393E+0	6.027484E-2	2.211564E+1	1.164436E-2	5.355230E-1	4.044785E-3	2.181349E+1	5.724812E-3	1.748212E+0	9.601100E-3	2.178016E+1	6.218218E-3	5.879872E-1	7.521928E-3	2.218328E+1	1.325865E-2	2.215457E+1	7.613658E-3	2.800849E+0	0.000000E+0	3.487516E+2	3.500000E+2	9.804720E+0	1.000000E+1	3.600000E-1	0.000000E+0	1.249469E-1	0.000000E+0	6.748407E-1	0.000000E+0	1.501062E-1	0.000000E+0	1.500000E-1	0.000000E+0
16.06.2025	16:37:57.7		1.864213E-3	6.267381E-3	2.225144E+1	2.264485E-3	2.289550E+0	4.936065E-3	1.909266E+1	3.841864E-3	1.407359E+1	2.246781E-3	2.011916E+1	3.332952E-3	1.238010E+1	3.587296E-3	1.992830E+0	8.734807E-2	2.211782E+1	4.380453E-3	5.365720E-1	2.087882E-3	2.180883E+1	4.123322E-3	1.752006E+0	9.912355E-3	2.177803E+1	5.641406E-3	5.907105E-1	8.805297E-3	2.219074E+1	6.609541E-3	2.215383E+1	1.886857E-3	3.200000E+0	0.000000E+0	3.487905E+2	3.500000E+2	9.815449E+0	1.000000E+1	3.032425E-1	0.000000E+0	1.472979E-1	0.000000E+0	6.000000E-1	0.000000E+0	1.054041E-1	0.000000E+0	1.500000E-1	0.000000E+0
16.06.2025	16:37:58.7		1.985170E-3	6.157823E-3	2.225137E+1	2.151727E-3	2.283856E+0	5.187924E-3	1.909310E+1	3.113948E-3	1.407603E+1	4.350633E-3	2.012202E+1	4.269530E-3	1.239951E+1	1.131064E-2	1.990325E+0	7.337385E-2	2.211465E+1	3.272653E-3	5.366486E-1	1.565211E-3	2.181091E+1	5.093988E-3	1.750762E+0	3.567506E-3	2.177505E+1	4.770271E-3	5.895295E-1	2.788917E-3	2.218336E+1	1.422063E-3	2.215588E+1	3.966822E-3	3.077597E+0	0.000000E+0	3.487500E+2	3.500000E+2	9.822666E+0	1.000000E+1	3.183605E-1	0.000000E+0	1.346996E-1	0.000000E+0	6.000000E-1	0.000000E+0	1.000000E-1	0.000000E+0	1.500000E-1	0.000000E+0
16.06.2025	16:37:59.7		1.522467E-3	5.926810E-3	2.224787E+1	1.309292E-3	2.280329E+0	4.594590E-3	1.909147E+1	8.264116E-4	1.407261E+1	2.252763E-3	2.011978E+1	2.486686E-4	1.240331E+1	1.443159E-2	1.992657E+0	8.813574E-2	2.211733E+1	4.385705E-3	5.369068E-1	3.053678E-3	2.180530E+1	1.101987E-3	1.751321E+0	6.374316E-3	2.177061E+1	3.295004E-3	5.903161E-1	5.622645E-3	2.218046E+1	5.598523E-3	2.214529E+1	5.786828E-3	2.800000E+0	0.000000E+0	3.487500E+2	3.500000E+2	9.816224E+0	1.000000E+1	3.157553E-1	0.000000E+0	1.368706E-1	0.000000E+0	7.106118E-1	0.000000E+0	1.368706E-1	0.000000E+0	1.500000E-1	0.000000E+0
16.06.2025	16:38:00.7		1.097317E-3	4.212292E-3	2.225290E+1	2.103565E-3	2.278435E+0	5.894115E-3	1.909255E+1	4.570913E-3	1.407159E+1	3.102068E-3	2.012049E+1	7.224510E-4	1.239081E+1	8.230110E-3	1.994274E+0	1.338409E-1	2.211537E+1	3.373356E-3	5.360453E-1	2.156871E-3	2.181226E+1	2.587641E-3	1.750155E+0	2.927336E-3	2.177939E+1	4.255313E-3	5.893800E-1	2.534476E-3	2.218387E+1	2.816449E-3	2.215132E+1	5.021887E-3	2.800000E+0	0.000000E+0	3.495000E+2	3.500000E+2	9.823275E+0	1.000000E+1	3.600000E-1	0.000000E+0	2.000000E-1	0.000000E+0	7.500000E-1	0.000000E+0	1.500000E-1	0.000000E+0	1.800000E-1	0.000000E+0
16.06.2025	16:38:01.7		1.525325E-3	5.022610E-3	2.225172E+1	1.470711E-3	2.280848E+0	6.681490E-3	1.910216E+1	1.132201E-2	1.408021E+1	5.511804E-3	2.012338E+1	2.163127E-3	1.238573E+1	4.323630E-3	2.007642E+0	9.401757E-2	2.211669E+1	2.542225E-3	5.362753E-1	1.647242E-3	2.181356E+1	2.014037E-3	1.749019E+0	5.139575E-3	2.177824E+1	3.058497E-3	5.882902E-1	4.125472E-3	2.218180E+1	3.994385E-3	2.214238E+1	7.090702E-3	2.800000E+0	0.000000E+0	3.490878E+2	3.500000E+2	9.823275E+0	1.000000E+1	3.600000E-1	0.000000E+0	1.450430E-1	0.000000E+0	7.500000E-1	0.000000E+0	1.500000E-1	0.000000E+0	1.470258E-1	0.000000E+0
16.06.2025	16:38:02.7		7.606529E-4	2.262813E-3	2.225263E+1	4.093133E-3	2.289901E+0	7.440888E-3	1.909674E+1	1.155806E-2	1.407791E+1	1.935377E-2	2.012075E+1	9.202709E-3	1.237560E+1	8.566613E-3	1.991340E+0	1.135188E-1	2.210970E+1	5.792226E-3	5.370206E-1	3.640750E-3	2.181475E+1	5.229156E-3	1.750809E+0	6.235975E-3	2.177953E+1	5.364295E-3	5.893973E-1	4.413525E-3	2.218476E+1	6.134509E-3	2.215149E+1	9.950434E-3	2.800000E+0	0.000000E+0	3.480023E+2	3.500000E+2	9.815873E+0	1.000000E+1	3.001860E-1	0.000000E+0	1.498450E-1	0.000000E+0	6.004650E-1	0.000000E+0	1.998450E-1	0.000000E+0	1.200000E-1	0.000000E+0
16.06.2025	16:38:03.7		8.114735E-4	1.723670E-3	2.225427E+1	5.113488E-3	2.282722E+0	7.649638E-3	1.909750E+1	6.081272E-3	1.407645E+1	8.829169E-3	2.012199E+1	6.442649E-3	1.238340E+1	1.277574E-2	2.008675E+0	1.072554E-1	2.211545E+1	5.416436E-3	5.371039E-1	4.818180E-3	2.181379E+1	2.153137E-3	1.751239E+0	5.685034E-3	2.178009E+1	2.884445E-3	5.899086E-1	4.847427E-3	2.219021E+1	5.575520E-3	2.215321E+1	5.855932E-3	2.957196E+0	0.000000E+0	3.485895E+2	3.500000E+2	9.815850E+0	1.000000E+1	3.000000E-1	0.000000E+0	1.500000E-1	0.000000E+0	6.589484E-1	0.000000E+0	1.803505E-1	0.000000E+0	1.200000E-1	0.000000E+0
16.06.2025	16:38:04.7		6.355384E-4	1.390158E-3	2.225760E+1	7.973127E-3	2.281974E+0	8.147986E-3	1.910342E+1	1.143745E-4	1.408720E+1	6.595787E-3	2.012043E+1	2.690327E-3	1.238961E+1	1.311241E-2	2.013133E+0	7.994768E-2	2.211655E+1	1.769605E-3	5.367155E-1	4.586962E-3	2.181359E+1	5.870159E-4	1.750764E+0	5.511397E-3	2.178528E+1	3.346828E-3	5.898081E-1	5.995668E-3	2.219117E+1	8.882840E-4	2.215111E+1	1.960728E-3	2.890545E+0	0.000000E+0	3.489198E+2	3.500000E+2	9.821594E+0	1.000000E+1	3.000000E-1	0.000000E+0	1.500000E-1	0.000000E+0	7.500000E-1	0.000000E+0	1.500000E-1	0.000000E+0	1.432092E-1	0.000000E+0
16.06.2025	16:38:05.7		2.507855E-3	6.592478E-3	2.226003E+1	4.171088E-3	2.281707E+0	5.110327E-3	1.911267E+1	3.278530E-3	1.408580E+1	4.590285E-3	2.012684E+1	4.297886E-3	1.240595E+1	6.519648E-3	1.990293E+0	1.069073E-1	2.212324E+1	3.315951E-3	5.360906E-1	2.006211E-3	2.181431E+1	1.019346E-3	1.750256E+0	4.158915E-3	2.178739E+1	4.251194E-3	5.888569E-1	3.209636E-3	2.219057E+1	1.791173E-4	2.215533E+1	2.474860E-3	2.800000E+0	0.000000E+0	3.487500E+2	3.500000E+2	9.815850E+0	1.000000E+1	3.600000E-1	0.000000E+0	1.500000E-1	0.000000E+0	6.000000E-1	0.000000E+0	2.000000E-1	0.000000E+0	1.500000E-1	0.000000E+0
16.06.2025	16:38:06.7		8.529706E-4	1.713234E-3	2.226059E+1	4.028263E-3	2.284918E+0	5.631880E-3	1.911526E+1	3.675193E-3	1.408279E+1	2.240165E-3	2.012388E+1	1.402424E-3	1.241480E+1	1.990825E-2	1.990203E+0	6.941445E-2	2.212684E+1	6.568181E-3	5.369261E-1	2.690999E-3	2.181716E+1	2.691471E-3	1.751476E+0	7.963247E-3	2.178655E+1	3.307495E-3	5.892248E-1	5.562971E-3	2.219480E+1	5.471791E-3	2.215772E+1	4.820225E-3	2.570026E+0	0.000000E+0	3.487500E+2	3.500000E+2	9.815850E+0	1.000000E+1	3.600000E-1	0.000000E+0	1.500000E-1	0.000000E+0	6.000000E-1	0.000000E+0	1.712533E-1	0.000000E+0	1.500000E-1	0.000000E+0
16.06.2025	16:38:07.7		7.597737E-4	2.145603E-3	2.225525E+1	3.355590E-3	2.287072E+0	7.462167E-3	1.910533E+1	1.077636E-3	1.407998E+1	6.481568E-3	2.012442E+1	5.699554E-4	1.235255E+1	2.681613E-2	1.987504E+0	6.198547E-2	2.212076E+1	3.247296E-3	5.363012E-1	1.465984E-3	2.181072E+1	1.255587E-3	1.749828E+0	2.470864E-3	2.178014E+1	3.878886E-3	5.880602E-1	2.016515E-3	2.218893E+1	4.164129E-3	2.214965E+1	1.321044E-3	2.800000E+0	0.000000E+0	3.495000E+2	3.500000E+2	9.808425E+0	1.000000E+1	3.000000E-1	0.000000E+0	2.000000E-1	0.000000E+0	7.500000E-1	0.000000E+0	1.500000E-1	0.000000E+0	1.800000E-1	0.000000E+0
16.06.2025	16:38:08.7		1.303099E-3	4.271642E-3	2.226332E+1	5.765122E-3	2.292207E+0	6.677130E-3	1.911036E+1	5.011960E-3	1.408334E+1	4.066005E-3	2.012490E+1	3.332331E-3	1.230434E+1	3.724144E-2	2.001287E+0	6.769427E-2	2.211930E+1	2.893286E-3	5.363181E-1	1.787882E-3	2.181628E+1	3.714676E-3	1.750784E+0	5.062351E-3	2.177434E+1	1.532423E-3	5.889411E-1	3.994029E-3	2.219175E+1	3.319294E-3	2.215494E+1	2.582597E-3	2.800000E+0	0.000000E+0	3.495000E+2	3.500000E+2	9.815071E+0	1.000000E+1	3.268535E-1	0.000000E+0	1.776221E-1	0.000000E+0	7.500000E-1	0.000000E+0	1.276221E-1	0.000000E+0	1.665732E-1	0.000000E+0
16.06.2025	16:38:09.7		2.229626E-3	6.885788E-3	2.225627E+1	1.345302E-3	2.296595E+0	5.166664E-3	1.910038E+1	4.401052E-3	1.408496E+1	3.065384E-3	2.011890E+1	9.167093E-4	1.238196E+1	1.909627E-2	2.000089E+0	8.396879E-2	2.211644E+1	4.984923E-3	5.367879E-1	2.471402E-3	2.181001E+1	2.850874E-3	1.751429E+0	7.312134E-3	2.177621E+1	1.404065E-3	5.898250E-1	5.893367E-3	2.219068E+1	3.729880E-3	2.214764E+1	7.360100E-3	2.800000E+0	0.000000E+0	3.488445E+2	3.500000E+2	9.823275E+0	1.000000E+1	3.600000E-1	0.000000E+0	1.063002E-1	0.000000E+0	6.189006E-1	0.000000E+0	1.436998E-1	0.000000E+0	1.237801E-1	0.000000E+0
16.06.2025	16:38:10.7		7.229892E-4	2.832056E-3	2.225596E+1	2.227712E-3	2.295198E+0	8.451708E-3	1.911332E+1	2.801687E-3	1.409099E+1	5.345113E-3	2.011977E+1	7.536888E-4	1.238307E+1	1.869171E-2	1.973014E+0	6.630741E-2	2.212345E+1	1.367004E-4	5.368659E-1	4.609493E-3	2.181682E+1	2.468073E-4	1.751779E+0	1.148541E-2	2.177975E+1	2.897668E-3	5.901898E-1	9.549311E-3	2.219763E+1	5.573392E-3	2.215452E+1	3.060454E-3	2.800000E+0	0.000000E+0	3.487500E+2	3.500000E+2	9.808425E+0	1.000000E+1	3.437102E-1	0.000000E+0	1.000000E-1	0.000000E+0	6.000000E-1	0.000000E+0	1.500000E-1	0.000000E+0	1.800000E-1	0.000000E+0
16.06.2025	16:38:11.7		1.579422E-3	5.026199E-3	2.225981E+1	3.156837E-3	2.297012E+0	7.742997E-3	1.912018E+1	6.617668E-3	1.408063E+1	8.401342E-3	2.012324E+1	2.587102E-3	1.245497E+1	5.417969E-2	2.020092E+0	8.506036E-2	2.212222E+1	3.897961E-3	5.371978E-1	5.389840E-3	2.182080E+1	3.901934E-3	1.750796E+0	8.282330E-3	2.178737E+1	6.290644E-3	5.895158E-1	6.183954E-3	2.219011E+1	3.129920E-3	2.215386E+1	1.430185E-3	2.516994E+0	0.000000E+0	3.492806E+2	3.500000E+2	9.808425E+0	1.000000E+1	3.424509E-1	0.000000E+0	2.061273E-1	0.000000E+0	7.061273E-1	0.000000E+0	1.500000E-1	0.000000E+0	1.800000E-1	0.000000E+0
16.06.2025	16:38:12.7		1.017495E-3	3.247645E-3	2.225009E+1	4.191553E-3	2.301532E+0	8.018469E-3	1.910141E+1	7.170937E-3	1.407997E+1	7.272187E-3	2.011677E+1	7.859388E-3	1.240580E+1	6.618466E-3	1.979300E+0	8.453374E-2	2.211114E+1	3.524421E-3	5.372141E-1	4.453164E-3	2.181046E+1	4.549774E-3	1.753272E+0	1.478438E-2	2.177740E+1	5.601871E-3	5.913467E-1	1.162989E-2	2.218035E+1	3.501708E-3	2.215180E+1	1.917277E-3	3.200000E+0	0.000000E+0	3.495000E+2	3.500000E+2	9.808425E+0	1.000000E+1	3.000000E-1	0.000000E+0	2.000000E-1	0.000000E+0	7.500000E-1	0.000000E+0	2.000000E-1	0.000000E+0	1.500000E-1	0.000000E+0
16.06.2025	16:38:13.7		7.531226E-4	2.359373E-3	2.225351E+1	5.676397E-3	2.311115E+0	6.948203E-3	1.910250E+1	1.585959E-3	1.407881E+1	6.933797E-3	2.011596E+1	2.364625E-3	1.231405E+1	1.692217E-2	2.005505E+0	7.125853E-2	2.211471E+1	8.816720E-3	5.363953E-1	1.167302E-3	2.181039E+1	3.287678E-3	1.750427E+0	2.496690E-3	2.177654E+1	1.608079E-3	5.895071E-1	2.066553E-3	2.218308E+1	4.992030E-3	2.214809E+1	9.719572E-4	2.975943E+0	0.000000E+0	3.490799E+2	3.500000E+2	9.808425E+0	1.000000E+1	3.000000E-1	0.000000E+0	1.719928E-1	0.000000E+0	8.340215E-1	0.000000E+0	1.719928E-1	0.000000E+0	1.668043E-1	0.000000E+0
16.06.2025	16:38:14.7		1.619980E-3	6.765118E-3	2.225667E+1	6.252254E-3	2.330226E+0	4.675289E-3	1.911142E+1	4.838604E-3	1.408630E+1	1.036133E-2	2.012204E+1	5.600287E-3	1.228886E+1	2.354683E-2	1.993332E+0	1.174233E-1	2.211890E+1	9.531172E-3	5.362294E-1	1.970223E-3	2.181655E+1	6.915457E-3	1.750842E+0	4.057798E-3	2.178243E+1	4.712581E-3	5.893733E-1	3.250710E-3	2.218657E+1	5.938814E-3	2.215237E+1	3.414311E-3	2.800000E+0	0.000000E+0	3.495000E+2	3.500000E+2	9.823275E+0	1.000000E+1	3.000000E-1	0.000000E+0	1.500000E-1	0.000000E+0	7.500000E-1	0.000000E+0	1.500000E-1	0.000000E+0	1.500000E-1	0.000000E+0
16.06.2025	16:38:15.7		1.610732E-3	5.984019E-3	2.226650E+1	8.744078E-3	2.325694E+0	6.946651E-3	1.912070E+1	3.507037E-3	1.409067E+1	5.515015E-3	2.013217E+1	1.203071E-2	1.234990E+1	2.971954E-2	1.982411E+0	1.183641E-1	2.212498E+1	5.946716E-3	5.361380E-1	1.617884E-3	2.181957E+1	7.231282E-3	1.749699E+0	2.817647E-3	2.179309E+1	4.315543E-3	5.882034E-1	1.889130E-3	2.219575E+1	8.045055E-3	2.216360E+1	7.112496E-3	2.800000E+0	0.000000E+0	3.495000E+2	3.500000E+2	9.819931E+0	1.000000E+1	3.000000E-1	0.000000E+0	1.500000E-1	0.000000E+0	8.175539E-1	0.000000E+0	1.274820E-1	0.000000E+0	1.500000E-1	0.000000E+0
16.06.2025	16:38:16.7		8.278701E-4	2.252627E-3	2.225361E+1	8.824049E-3	2.317109E+0	8.025196E-3	1.911387E+1	4.014059E-3	1.408746E+1	6.625892E-3	2.011925E+1	9.114620E-3	1.233432E+1	1.716269E-2	1.978542E+0	8.417968E-2	2.211410E+1	6.044588E-3	5.364235E-1	3.351718E-3	2.181514E+1	4.217541E-3	1.749982E+0	6.761155E-3	2.177533E+1	8.215397E-3	5.882294E-1	5.266408E-3	2.218282E+1	7.751082E-3	2.214938E+1	7.934934E-3	2.800000E+0	0.000000E+0	3.488439E+2	3.500000E+2	9.828841E+0	1.000000E+1	2.475129E-1	0.000000E+0	1.500000E-1	0.000000E+0	7.687824E-1	0.000000E+0	1.437392E-1	0.000000E+0	1.500000E-1	0.000000E+0
16.06.2025	16:38:17.7		1.970312E-3	9.638134E-3	2.225045E+1	4.755310E-3	2.318696E+0	8.590221E-3	1.912078E+1	5.604247E-3	1.408883E+1	4.786563E-3	2.011893E+1	2.232096E-3	1.230242E+1	2.811654E-2	1.992865E+0	7.918387E-2	2.211456E+1	2.411636E-3	5.359198E-1	3.160512E-3	2.181544E+1	1.967645E-3	1.749371E+0	6.430398E-3	2.178243E+1	8.338374E-3	5.878272E-1	4.920813E-3	2.218773E+1	3.996821E-3	2.215091E+1	5.442208E-3	2.898675E+0	0.000000E+0	3.487500E+2	3.500000E+2	9.808425E+0	1.000000E+1	3.000000E-1	0.000000E+0	1.500000E-1	0.000000E+0	7.129969E-1	0.000000E+0	1.500000E-1	0.000000E+0	1.500000E-1	0.000000E+0
16.06.2025	16:38:18.7		7.500655E-4	1.434824E-3	2.225482E+1	4.130405E-3	2.324929E+0	1.034523E-2	1.911529E+1	4.471088E-3	1.408187E+1	2.066490E-3	2.012451E+1	5.143227E-3	1.233847E+1	5.068825E-3	1.978417E+0	9.055451E-2	2.211905E+1	7.359232E-3	5.371151E-1	5.466295E-3	2.181966E+1	4.952148E-4	1.750971E+0	6.252515E-3	2.178180E+1	1.133626E-3	5.890256E-1	4.938595E-3	2.218918E+1	5.911813E-3	2.214978E+1	5.410569E-3	2.648272E+0	0.000000E+0	3.482328E+2	3.500000E+2	9.798184E+0	1.000000E+1	3.413796E-1	0.000000E+0	1.500000E-1	0.000000E+0	4.965509E-1	0.000000E+0	1.500000E-1	0.000000E+0	1.500000E-1	0.000000E+0
16.06.2025	16:38:19.7		8.301121E-4	3.313930E-3	2.225114E+1	8.181653E-4	2.313976E+0	7.497797E-3	1.911817E+1	6.743179E-3	1.408653E+1	4.819361E-3	2.011907E+1	3.987944E-3	1.236036E+1	2.325821E-2	2.001583E+0	7.107820E-2	2.211853E+1	4.156996E-3	5.357743E-1	2.793153E-3	2.181753E+1	1.506541E-3	1.749030E+0	6.364365E-3	2.178137E+1	3.955495E-3	5.874631E-1	4.135117E-3	2.219130E+1	7.240845E-3	2.214835E+1	2.525585E-3	3.200000E+0	0.000000E+0	3.487500E+2	3.500000E+2	9.815850E+0	1.000000E+1	3.600000E-1	0.000000E+0	2.000000E-1	0.000000E+0	7.500000E-1	0.000000E+0	2.000000E-1	0.000000E+0	1.800000E-1	0.000000E+0
16.06.2025	16:38:20.7		1.386509E-3	5.064715E-3	2.225601E+1	3.434855E-3	2.303300E+0	5.405977E-3	1.910952E+1	1.212767E-4	1.407751E+1	4.812723E-3	2.011399E+1	2.247987E-3	1.238772E+1	1.552913E-2	1.974520E+0	7.936278E-2	2.211674E+1	2.867073E-3	5.364758E-1	2.518512E-3	2.181294E+1	2.515593E-3	1.750340E+0	5.044452E-3	2.178101E+1	6.491817E-3	5.885467E-1	4.250634E-3	2.218988E+1	6.801374E-3	2.215596E+1	5.332175E-3	3.200000E+0	0.000000E+0	3.487500E+2	3.500000E+2	9.807365E+0	1.000000E+1	3.257174E-1	0.000000E+0	2.000000E-1	0.000000E+0	8.357065E-1	0.000000E+0	1.428623E-1	0.000000E+0	1.628587E-1	0.000000E+0
16.06.2025	16:38:21.7		1.870029E-3	5.649240E-3	2.225396E+1	5.756774E-3	2.298729E+0	6.630880E-3	1.911446E+1	3.498570E-3	1.408505E+1	6.170263E-3	2.012216E+1	3.569333E-3	1.239454E+1	1.087316E-2	1.997017E+0	9.619800E-2	2.211956E+1	5.441920E-3	5.360669E-1	2.605217E-3	2.181790E+1	1.799248E-3	1.749577E+0	6.219324E-3	2.178712E+1	3.997940E-3	5.881395E-1	4.885993E-3	2.218792E+1	6.278704E-3	2.214574E+1	5.618880E-3	3.200000E+0	0.000000E+0	3.494782E+2	3.500000E+2	9.815418E+0	1.000000E+1	3.000000E-1	0.000000E+0	2.000000E-1	0.000000E+0	9.000000E-1	0.000000E+0	1.000000E-1	0.000000E+0	1.500000E-1	0.000000E+0
16.06.2025	16:38:22.7		6.911793E-4	1.698000E-3	2.225304E+1	5.751877E-3	2.297589E+0	5.500164E-3	1.911280E+1	4.078091E-3	1.407842E+1	9.501366E-3	2.012365E+1	3.100123E-3	1.234798E+1	2.508647E-2	1.991462E+0	6.265469E-2	2.211977E+1	4.893990E-3	5.361652E-1	2.534687E-3	2.181456E+1	2.919574E-3	1.749872E+0	3.922228E-3	2.177837E+1	9.143950E-3	5.884263E-1	2.796863E-3	2.218897E+1	4.260979E-3	2.215232E+1	9.287222E-4	2.861566E+0	0.000000E+0	3.495000E+2	3.500000E+2	9.815850E+0	1.000000E+1	3.253825E-1	0.000000E+0	2.000000E-1	0.000000E+0	7.730873E-1	0.000000E+0	1.211521E-1	0.000000E+0	1.626913E-1	0.000000E+0
16.06.2025	16:38:23.7		1.968207E-3	1.192851E-2	2.224977E+1	6.039017E-3	2.299346E+0	1.004051E-2	1.911287E+1	2.957953E-3	1.408104E+1	8.363846E-3	2.012161E+1	5.747330E-3	1.232211E+1	1.900844E-2	1.993336E+0	8.210007E-2	2.211138E+1	6.595517E-4	5.369131E-1	5.306465E-3	2.180638E+1	1.160365E-3	1.749622E+0	1.123734E-2	2.177674E+1	3.165987E-3	5.888332E-1	9.687757E-3	2.218580E+1	2.375298E-3	2.215289E+1	1.222160E-3	2.744222E+0	0.000000E+0	3.488546E+2	3.500000E+2	9.809460E+0	1.000000E+1	3.600000E-1	0.000000E+0	1.569723E-1	0.000000E+0	6.000000E-1	0.000000E+0	1.500000E-1	0.000000E+0	1.800000E-1	0.000000E+0
16.06.2025	16:38:24.7		3.373727E-4	9.389775E-4	2.225943E+1	2.229050E-3	2.305905E+0	9.657783E-3	1.911655E+1	7.094562E-3	1.406711E+1	9.268581E-3	2.011947E+1	3.466929E-3	1.232782E+1	5.855486E-3	2.006539E+0	8.288388E-2	2.212522E+1	8.926098E-3	5.368274E-1	4.033166E-3	2.181484E+1	4.134132E-3	1.752194E+0	1.410607E-2	2.178222E+1	3.760958E-3	5.907629E-1	1.087792E-2	2.218663E+1	3.546923E-3	2.215278E+1	2.735221E-3	2.800000E+0	0.000000E+0	3.491191E+2	3.500000E+2	9.808425E+0	1.000000E+1	3.600000E-1	0.000000E+0	1.623033E-1	0.000000E+0	6.738200E-1	0.000000E+0	2.000000E-1	0.000000E+0	1.500000E-1	0.000000E+0
16.06.2025	16:38:25.7		1.463744E-3	7.504022E-3	2.225543E+1	1.503328E-3	2.300844E+0	9.596115E-3	1.910964E+1	3.790734E-3	1.406715E+1	5.805237E-3	2.010883E+1	8.962900E-3	1.231628E+1	9.916438E-3	1.997860E+0	7.636447E-2	2.211522E+1	4.467424E-4	5.375488E-1	5.014547E-3	2.181476E+1	1.283188E-3	1.751696E+0	7.930197E-3	2.177733E+1	6.054681E-3	5.896896E-1	7.178939E-3	2.218140E+1	1.774110E-3	2.214990E+1	1.118277E-3	2.800000E+0	0.000000E+0	3.497426E+2	3.500000E+2	9.808425E+0	1.000000E+1	2.788090E-1	0.000000E+0	2.338296E-1	0.000000E+0	6.970225E-1	0.000000E+0	1.323408E-1	0.000000E+0	1.297023E-1	0.000000E+0
16.06.2025	16:38:26.7		1.586652E-3	8.383131E-3	2.225147E+1	1.159778E-3	2.294133E+0	4.546218E-3	1.911560E+1	6.678495E-3	1.407453E+1	8.560021E-4	2.010676E+1	1.500850E-3	1.238019E+1	4.367141E-3	2.007027E+0	6.980705E-2	2.211762E+1	7.339273E-4	5.362977E-1	1.351715E-3	2.180723E+1	1.835547E-3	1.749436E+0	4.066060E-3	2.177976E+1	7.811300E-4	5.879602E-1	2.876434E-3	2.219286E+1	1.762107E-3	2.214898E+1	1.025051E-3	3.200000E+0	0.000000E+0	3.487500E+2	3.500000E+2	9.823275E+0	1.000000E+1	3.600000E-1	0.000000E+0	1.000000E-1	0.000000E+0	7.500000E-1	0.000000E+0	2.000000E-1	0.000000E+0	1.500000E-1	0.000000E+0
16.06.2025	16:38:27.7		1.173182E-3	4.165043E-3	2.224568E+1	4.776048E-3	2.302954E+0	7.144812E-3	1.911302E+1	4.505472E-3	1.407702E+1	2.278572E-3	2.011025E+1	4.880583E-3	1.238251E+1	4.598606E-3	1.995625E+0	9.915485E-2	2.210889E+1	5.079724E-3	5.363781E-1	1.648591E-3	2.180729E+1	1.997288E-3	1.748706E+0	4.193105E-3	2.177494E+1	3.338190E-3	5.878499E-1	2.741114E-3	2.218670E+1	3.113082E-3	2.214799E+1	9.862841E-4	2.991031E+0	0.000000E+0	3.483582E+2	3.500000E+2	9.815517E+0	1.000000E+1	3.286546E-1	0.000000E+0	1.522423E-1	0.000000E+0	7.500000E-1	0.000000E+0	2.000000E-1	0.000000E+0	1.500000E-1	0.000000E+0
16.06.2025	16:38:28.7		1.263770E-3	4.233659E-3	2.224844E+1	3.964838E-3	2.332508E+0	9.066446E-3	1.911271E+1	5.062926E-3	1.407920E+1	2.463970E-3	2.010248E+1	8.270479E-4	1.239001E+1	1.604674E-2	1.991805E+0	9.078505E-2	2.210775E+1	9.260292E-4	5.371752E-1	3.273264E-3	2.180572E+1	1.049044E-3	1.750134E+0	6.566740E-3	2.176958E+1	1.074045E-3	5.894116E-1	4.752256E-3	2.218617E+1	3.345175E-3	2.214750E+1	2.267594E-3	2.418057E+0	0.000000E+0	3.494323E+2	3.500000E+2	9.808425E+0	1.000000E+1	2.427085E-1	0.000000E+0	2.000000E-1	0.000000E+0	8.932287E-1	0.000000E+0	1.522571E-1	0.000000E+0	1.786457E-1	0.000000E+0
16.06.2025	16:38:29.7		1.362487E-3	3.185650E-3	2.224629E+1	1.357440E-3	2.332064E+0	3.936369E-3	1.910857E+1	3.521698E-3	1.407794E+1	2.776225E-3	2.010408E+1	1.369090E-3	1.237544E+1	1.978986E-2	2.014049E+0	8.211637E-2	2.211300E+1	4.137516E-3	5.366013E-1	1.310086E-3	2.180703E+1	1.278278E-3	1.748665E+0	4.543367E-3	2.177547E+1	1.867053E-3	5.885913E-1	3.854628E-3	2.218020E+1	2.790212E-3	2.214643E+1	9.312401E-4	2.673433E+0	0.000000E+0	3.495000E+2	3.500000E+2	9.808425E+0	1.000000E+1	2.605075E-1	0.000000E+0	1.829104E-1	0.000000E+0	9.000000E-1	0.000000E+0	1.500000E-1	0.000000E+0	1.594925E-1	0.000000E+0
16.06.2025	16:38:30.7		1.068325E-3	2.513482E-3	2.224908E+1	2.179033E-3	2.317214E+0	4.434957E-3	1.911338E+1	2.954998E-3	1.407962E+1	2.119303E-3	2.011346E+1	6.029615E-3	1.235842E+1	7.446267E-3	1.989175E+0	7.639857E-2	2.211570E+1	5.831696E-3	5.367486E-1	1.381470E-3	2.181084E+1	4.106656E-3	1.749013E+0	2.807375E-3	2.177563E+1	1.187165E-3	5.891152E-1	2.402277E-3	2.218515E+1	2.097216E-3	2.214143E+1	4.298528E-3	3.200000E+0	0.000000E+0	3.495000E+2	3.500000E+2	9.814106E+0	1.000000E+1	3.000000E-1	0.000000E+0	1.882526E-1	0.000000E+0	7.852421E-1	0.000000E+0	1.117474E-1	0.000000E+0	2.819370E-2	0.000000E+0
