date	time	comment	ai0:_P0_plenum	ai0:_P0_plenum_Stabw	ai0:_T0_plenum	ai0:_T0_plenum_Stabw	ai0:_g0_137_hood	ai0:_g0_137_hood_Stabw	ai12:_HEAT_T1_heat_in	ai12:_HEAT_T1_heat_in_Stabw	ai13:_HEAT_T2_core_out	ai13:_HEAT_T2_core_out_Stabw	ai14:_HEAT_T3_core_in	ai14:_HEAT_T3_core_in_Stabw	ai15:_HEAT_T4_heat_out	ai15:_HEAT_T4_heat_out_Stabw	ai1:_P1_fuel_HEAT	ai1:_P1_fuel_HEAT_Stabw	ai1:_T1_main_air	ai1:_T1_main_air_Stabw	ai1:_g1_135_bur	ai1:_g1_135_bur_Stabw	ai2:_T2_pilot_air_1	ai2:_T2_pilot_air_1_Stabw	ai2:_g2_137_scr	ai2:_g2_137_scr_Stabw	ai3:_T3_pilot_air_2	ai3:_T3_pilot_air_2_Stabw	ai3:_g3_135_mfc	ai3:_g3_135_mfc_Stabw	ai4:_T4_por_in	ai4:_T4_por_in_Stabw	ai6:_T6_shield	ai6:_T6_shield_Stabw	AIR-MAI	AIR-MAI.set	AIR-PIL	AIR-PIL.set	AIRHEAT	AIRHEAT.set	CH4-PIL	CH4-PIL.set	H2-MAIN	H2-MAIN.set	H2-PILO	H2-PILO.set	N2	N2.set	NH3-MAI	NH3-MAI.set
					°C	°C	V	V	°C	°C	°C	°C	°C	°C	°C	°C			°C	°C	V	V	°C	°C	V	V	°C	°C	V	V	°C	°C	°C	°C	L/MIN	L/MIN	L/MIN	L/MIN	L/MIN	L/MIN	L/MIN	L/MIN	L/MIN	L/MIN	L/MIN	L/MIN	L/Min	L/Min	L/Min	L/Min
																																																		
16.06.2025	16:30:40.5		6.041047E-4	1.656630E-3	2.228627E+1	1.142301E-3	2.202628E+0	9.500546E-3	2.000492E+1	8.011874E-4	1.879051E+1	9.165628E-3	2.035928E+1	6.293168E-3	1.256756E+1	2.842475E-2	3.256205E-1	7.775236E-2	2.215155E+1	1.599413E-3	5.368171E-1	3.926852E-3	2.184201E+1	2.856873E-3	1.748195E+0	6.396780E-3	2.179774E+1	5.256852E-3	5.893471E-1	4.970998E-3	2.220252E+1	3.655633E-3	2.216316E+1	2.399095E-3	2.800000E+0	0.000000E+0	3.502172E+2	3.500000E+2	3.236651E+0	3.300000E+0	3.000000E-1	0.000000E+0	1.521840E-1	0.000000E+0	9.000000E-1	0.000000E+0	1.500000E-1	0.000000E+0	1.200000E-1	0.000000E+0
16.06.2025	16:30:41.5		1.852404E-3	5.700718E-3	2.227800E+1	2.407851E-3	2.210092E+0	7.670406E-3	2.001157E+1	5.547435E-3	1.880593E+1	4.201877E-3	2.036282E+1	1.508603E-3	1.253027E+1	4.676010E-2	3.213358E-1	7.153803E-2	2.215329E+1	5.221642E-3	5.368334E-1	2.378667E-3	2.183555E+1	2.027054E-3	1.749359E+0	7.644135E-3	2.179777E+1	2.301731E-3	5.897973E-1	5.570741E-3	2.220574E+1	1.561665E-3	2.216400E+1	4.444944E-3	2.966773E+0	0.000000E+0	3.491873E+2	3.500000E+2	3.222450E+0	3.300000E+0	3.250160E-1	0.000000E+0	1.791533E-1	0.000000E+0	8.374600E-1	0.000000E+0	1.500000E-1	0.000000E+0	1.325080E-1	0.000000E+0
16.06.2025	16:30:42.5		1.405599E-3	4.292286E-3	2.227817E+1	8.354746E-4	2.218016E+0	5.569648E-3	2.001465E+1	5.697002E-3	1.880835E+1	2.123739E-3	2.035920E+1	3.253703E-3	1.253627E+1	3.487819E-2	3.249586E-1	8.848071E-2	2.215061E+1	4.083649E-3	5.364579E-1	1.357425E-3	2.183572E+1	3.859741E-3	1.747952E+0	3.705759E-3	2.180262E+1	3.142950E-3	5.887480E-1	2.884219E-3	2.220627E+1	3.575796E-3	2.216261E+1	3.459827E-3	3.200000E+0	0.000000E+0	3.487500E+2	3.500000E+2	3.222450E+0	3.300000E+0	3.600000E-1	0.000000E+0	1.500000E-1	0.000000E+0	7.500000E-1	0.000000E+0	1.500000E-1	0.000000E+0	1.500000E-1	0.000000E+0
16.06.2025	16:30:43.5		8.113278E-4	2.022164E-3	2.227664E+1	2.777098E-3	2.226956E+0	1.055846E-2	2.000741E+1	1.466419E-3	1.879357E+1	1.068894E-2	2.035075E+1	1.924352E-3	1.258270E+1	3.248863E-2	3.355279E-1	1.006574E-1	2.214382E+1	2.763241E-3	5.363894E-1	1.207978E-3	2.182855E+1	2.715263E-3	1.747810E+0	2.571011E-3	2.179805E+1	3.164519E-3	5.888756E-1	2.239503E-3	2.219817E+1	1.328760E-3	2.216392E+1	2.934322E-3	3.126796E+0	0.000000E+0	3.487500E+2	3.500000E+2	3.235941E+0	3.300000E+0	3.545097E-1	0.000000E+0	1.545753E-1	0.000000E+0	6.274517E-1	0.000000E+0	1.908494E-1	0.000000E+0	1.472548E-1	0.000000E+0
16.06.2025	16:30:44.5		2.465869E-3	7.946086E-3	2.227338E+1	7.807841E-4	2.242250E+0	8.814612E-3	2.000247E+1	1.774581E-3	1.878468E+1	7.589581E-3	2.034549E+1	2.201463E-3	1.257576E+1	2.251613E-2	3.260017E-1	7.542041E-2	2.213908E+1	3.391577E-3	5.361804E-1	2.757132E-3	2.182730E+1	1.434284E-3	1.747517E+0	4.740347E-3	2.179087E+1	2.946076E-3	5.884981E-1	3.766033E-3	2.219308E+1	3.694614E-3	2.215432E+1	5.061993E-3	2.400000E+0	0.000000E+0	3.487500E+2	3.500000E+2	3.226279E+0	3.300000E+0	3.309387E-1	0.000000E+0	1.742177E-1	0.000000E+0	8.226532E-1	0.000000E+0	1.515645E-1	0.000000E+0	1.354694E-1	0.000000E+0
16.06.2025	16:30:45.5		1.470316E-3	4.669254E-3	2.227345E+1	7.231808E-4	2.263017E+0	1.061443E-2	2.000596E+1	2.356414E-3	1.878943E+1	3.044501E-3	2.034396E+1	2.437433E-3	1.257509E+1	1.107473E-2	3.308605E-1	7.695781E-2	2.213901E+1	4.544988E-3	5.368038E-1	2.763337E-3	2.183517E+1	5.252914E-3	1.750044E+0	1.259773E-2	2.179059E+1	4.114882E-3	5.904753E-1	9.960444E-3	2.219694E+1	1.435441E-3	2.215938E+1	3.987164E-3	2.400000E+0	0.000000E+0	3.487500E+2	3.500000E+2	3.229875E+0	3.300000E+0	3.600000E-1	0.000000E+0	1.500000E-1	0.000000E+0	7.500000E-1	0.000000E+0	2.000000E-1	0.000000E+0	1.500000E-1	0.000000E+0
16.06.2025	16:30:46.5		2.941407E-3	1.116456E-2	2.227514E+1	1.105360E-3	2.275000E+0	7.458550E-3	2.000629E+1	5.373852E-4	1.879223E+1	6.162060E-3	2.035128E+1	3.598795E-3	1.260290E+1	3.563666E-3	3.348850E-1	8.803240E-2	2.213870E+1	3.945913E-3	5.366170E-1	1.641025E-3	2.183275E+1	5.113683E-3	1.749116E+0	7.019224E-3	2.178978E+1	1.265065E-3	5.893917E-1	5.075951E-3	2.219963E+1	1.158518E-4	2.216199E+1	4.910174E-3	2.400000E+0	0.000000E+0	3.488877E+2	3.500000E+2	3.249423E+0	3.300000E+0	3.489823E-1	0.000000E+0	1.591814E-1	0.000000E+0	6.275443E-1	0.000000E+0	1.500000E-1	0.000000E+0	1.444911E-1	0.000000E+0
16.06.2025	16:30:47.5		2.878818E-3	1.120438E-2	2.228214E+1	4.082311E-3	2.274806E+0	1.010112E-2	2.001412E+1	3.957305E-3	1.879049E+1	4.564170E-3	2.035167E+1	3.563619E-3	1.259943E+1	1.139387E-2	3.317868E-1	9.098610E-2	2.214801E+1	6.906158E-3	5.359218E-1	4.108473E-3	2.183388E+1	4.290043E-3	1.747987E+0	4.880391E-3	2.179784E+1	4.543122E-3	5.885441E-1	3.524588E-3	2.220282E+1	1.942462E-3	2.216428E+1	2.644134E-3	2.609972E+0	0.000000E+0	3.495000E+2	3.500000E+2	3.233402E+0	3.300000E+0	3.000000E-1	0.000000E+0	2.000000E-1	0.000000E+0	8.287394E-1	0.000000E+0	1.500000E-1	0.000000E+0	1.200000E-1	0.000000E+0
16.06.2025	16:30:48.5		1.763633E-3	7.090957E-3	2.228365E+1	1.278382E-3	2.269611E+0	9.938051E-3	2.001831E+1	2.569358E-3	1.879021E+1	3.619527E-3	2.035389E+1	2.471241E-3	1.260964E+1	6.380087E-3	3.266561E-1	7.630688E-2	2.215167E+1	3.266549E-3	5.373605E-1	5.363679E-3	2.183636E+1	1.733187E-3	1.750562E+0	1.067823E-2	2.180297E+1	4.589024E-3	5.902784E-1	7.894502E-3	2.220637E+1	4.665763E-3	2.216346E+1	1.044000E-3	2.800000E+0	0.000000E+0	3.495000E+2	3.500000E+2	3.229875E+0	3.300000E+0	3.000000E-1	0.000000E+0	2.000000E-1	0.000000E+0	9.000000E-1	0.000000E+0	1.500000E-1	0.000000E+0	1.200000E-1	0.000000E+0
16.06.2025	16:30:49.5		1.589085E-3	5.682200E-3	2.227801E+1	2.363669E-3	2.271814E+0	1.017864E-2	2.001081E+1	2.788003E-3	1.878040E+1	3.143443E-3	2.035119E+1	2.978708E-3	1.260373E+1	4.207145E-2	3.383559E-1	7.169958E-2	2.214688E+1	2.935965E-3	5.368004E-1	3.820945E-3	2.183174E+1	3.506114E-3	1.749714E+0	7.274849E-3	2.179587E+1	3.233339E-3	5.894971E-1	5.138637E-3	2.220442E+1	2.386559E-3	2.216681E+1	3.152175E-3	2.800000E+0	0.000000E+0	3.489673E+2	3.500000E+2	3.226753E+0	3.300000E+0	3.252272E-1	0.000000E+0	1.289773E-1	0.000000E+0	6.869319E-1	0.000000E+0	1.065341E-1	0.000000E+0	1.413068E-1	0.000000E+0
16.06.2025	16:30:50.5		3.190883E-3	1.061256E-2	2.227592E+1	2.237176E-3	2.280618E+0	9.404496E-3	2.001039E+1	1.138617E-3	1.877985E+1	2.790393E-3	2.034895E+1	3.404904E-3	1.264270E+1	2.958374E-2	3.253327E-1	6.300730E-2	2.214580E+1	2.781169E-3	5.359096E-1	4.277285E-3	2.182781E+1	4.951460E-3	1.748194E+0	7.370391E-3	2.179303E+1	1.928396E-3	5.880808E-1	5.999813E-3	2.220162E+1	1.722055E-3	2.216313E+1	2.927600E-3	2.800000E+0	0.000000E+0	3.495000E+2	3.500000E+2	3.232820E+0	3.300000E+0	3.123971E-1	0.000000E+0	2.301654E-1	0.000000E+0	8.095037E-1	0.000000E+0	1.206618E-1	0.000000E+0	1.380993E-1	0.000000E+0
16.06.2025	16:30:51.5		1.775530E-3	7.124940E-3	2.227692E+1	2.081976E-3	2.284956E+0	7.848300E-3	2.001495E+1	2.943325E-3	1.878440E+1	4.513593E-3	2.034565E+1	1.770952E-3	1.261329E+1	1.076086E-2	3.224787E-1	6.377898E-2	2.214160E+1	5.931173E-4	5.364248E-1	2.922084E-3	2.182530E+1	1.787210E-3	1.750323E+0	9.254846E-3	2.179537E+1	1.543372E-3	5.896892E-1	7.510646E-3	2.220025E+1	5.766586E-4	2.216472E+1	2.588321E-3	2.418744E+0	0.000000E+0	3.495000E+2	3.500000E+2	3.230049E+0	3.300000E+0	3.585942E-1	0.000000E+0	2.476570E-1	0.000000E+0	7.464856E-1	0.000000E+0	1.988285E-1	0.000000E+0	1.492971E-1	0.000000E+0
16.06.2025	16:30:52.5		1.238278E-3	5.704340E-3	2.227725E+1	2.098559E-3	2.285559E+0	7.479049E-3	2.001611E+1	3.621246E-3	1.878552E+1	5.028126E-3	2.034481E+1	1.284602E-3	1.260138E+1	7.281963E-3	3.230414E-1	6.471173E-2	2.214036E+1	7.165390E-15	5.366223E-1	2.454730E-3	2.182478E+1	8.164313E-4	1.751022E+0	9.668408E-3	2.179609E+1	1.516268E-3	5.902378E-1	7.779126E-3	2.220002E+1	2.331891E-4	2.216557E+1	2.565158E-3	2.831670E+0	0.000000E+0	3.495000E+2	3.500000E+2	3.230463E+0	3.300000E+0	3.000000E-1	0.000000E+0	1.730206E-1	0.000000E+0	6.690619E-1	0.000000E+0	1.500000E-1	0.000000E+0	1.200000E-1	0.000000E+0
16.06.2025	16:30:53.5		2.560524E-3	8.934554E-3	2.227229E+1	6.997740E-3	2.249861E+0	7.645699E-3	2.000826E+1	3.059814E-3	1.879483E+1	4.890659E-3	2.035029E+1	2.377103E-3	1.253393E+1	6.552900E-3	3.138692E-1	7.683178E-2	2.213715E+1	9.516519E-3	5.368013E-1	1.764373E-3	2.183202E+1	2.015546E-3	1.750102E+0	5.204732E-3	2.180052E+1	4.685195E-3	5.895632E-1	3.714072E-3	2.220377E+1	6.239698E-4	2.216405E+1	3.009134E-3	2.400000E+0	0.000000E+0	3.495000E+2	3.500000E+2	3.222450E+0	3.300000E+0	3.000000E-1	0.000000E+0	2.000000E-1	0.000000E+0	7.500000E-1	0.000000E+0	1.500000E-1	0.000000E+0	1.200000E-1	0.000000E+0
16.06.2025	16:30:54.5		1.022955E-3	2.881136E-3	2.227611E+1	1.741546E-3	2.265834E+0	7.366764E-3	2.001458E+1	4.172146E-3	1.879221E+1	3.689156E-3	2.034518E+1	4.018695E-3	1.258536E+1	4.004850E-2	3.250055E-1	7.453397E-2	2.214234E+1	4.268540E-3	5.365437E-1	1.690811E-3	2.182937E+1	5.362520E-3	1.749211E+0	6.253515E-3	2.179506E+1	3.993957E-3	5.892398E-1	4.234696E-3	2.220104E+1	1.210799E-3	2.216277E+1	1.386419E-3	3.200000E+0	0.000000E+0	3.482524E+2	3.500000E+2	3.232444E+0	3.300000E+0	3.600000E-1	0.000000E+0	1.500000E-1	0.000000E+0	6.000000E-1	0.000000E+0	1.500000E-1	0.000000E+0	1.500000E-1	0.000000E+0
16.06.2025	16:30:55.5		1.636047E-3	5.075427E-3	2.227686E+1	1.242576E-3	2.291220E+0	7.144283E-3	2.001126E+1	1.532424E-3	1.879258E+1	3.136862E-3	2.034586E+1	4.686750E-3	1.259351E+1	4.495072E-2	3.253058E-1	8.971546E-2	2.214091E+1	3.347435E-3	5.369971E-1	3.392402E-3	2.182400E+1	3.866236E-3	1.748711E+0	4.195741E-3	2.178935E+1	3.323548E-3	5.889790E-1	3.615282E-3	2.219365E+1	4.492964E-3	2.216211E+1	1.496492E-3	3.200000E+0	0.000000E+0	3.487500E+2	3.500000E+2	3.252150E+0	3.300000E+0	3.600000E-1	0.000000E+0	1.500000E-1	0.000000E+0	6.000000E-1	0.000000E+0	1.500000E-1	0.000000E+0	1.500000E-1	0.000000E+0
16.06.2025	16:30:56.5		2.047950E-3	9.911434E-3	2.227641E+1	2.227082E-3	2.299011E+0	9.159015E-3	2.001183E+1	2.310089E-3	1.879309E+1	5.187562E-3	2.035152E+1	1.418948E-3	1.257680E+1	4.662140E-2	3.243291E-1	6.732937E-2	2.214713E+1	2.221418E-3	5.370751E-1	3.861896E-3	2.182791E+1	7.953741E-4	1.749970E+0	8.262643E-3	2.179450E+1	2.058676E-3	5.900318E-1	7.467871E-3	2.220109E+1	4.883011E-3	2.216529E+1	5.576609E-3	2.800000E+0	0.000000E+0	3.495000E+2	3.500000E+2	3.240914E+0	3.300000E+0	2.846004E-1	0.000000E+0	1.628330E-1	0.000000E+0	7.884991E-1	0.000000E+0	1.371670E-1	0.000000E+0	1.200000E-1	0.000000E+0
16.06.2025	16:30:57.5		1.117588E-3	4.179078E-3	2.227364E+1	3.101363E-3	2.292744E+0	1.359152E-2	2.001808E+1	1.896740E-3	1.879950E+1	7.908647E-3	2.035123E+1	6.524570E-3	1.254020E+1	2.859179E-2	3.200367E-1	5.612970E-2	2.214408E+1	3.407633E-3	5.372175E-1	5.607148E-3	2.182616E+1	2.191020E-3	1.749568E+0	8.187876E-3	2.179162E+1	2.300796E-3	5.896485E-1	6.301121E-3	2.219902E+1	8.125203E-3	2.216452E+1	4.405655E-3	2.800000E+0	0.000000E+0	3.495000E+2	3.500000E+2	3.229875E+0	3.300000E+0	2.786706E-1	0.000000E+0	2.000000E-1	0.000000E+0	9.000000E-1	0.000000E+0	1.322255E-1	0.000000E+0	1.393353E-1	0.000000E+0
16.06.2025	16:30:58.5		2.675109E-3	8.391191E-3	2.228013E+1	3.417480E-3	2.270726E+0	9.835089E-3	2.001722E+1	1.353514E-3	1.880762E+1	4.087157E-3	2.035242E+1	6.410269E-3	1.253800E+1	9.250355E-3	3.169502E-1	6.844805E-2	2.214820E+1	2.946568E-3	5.366840E-1	3.349881E-3	2.183108E+1	3.733829E-3	1.749029E+0	7.318150E-3	2.179114E+1	4.613171E-3	5.894759E-1	5.239739E-3	2.220191E+1	6.583417E-3	2.216414E+1	4.522588E-3	3.178234E+0	0.000000E+0	3.487908E+2	3.500000E+2	3.230683E+0	3.300000E+0	3.032650E-1	0.000000E+0	1.500000E-1	0.000000E+0	8.918376E-1	0.000000E+0	1.500000E-1	0.000000E+0	1.500000E-1	0.000000E+0
16.06.2025	16:30:59.5		2.614820E-3	1.127423E-2	2.228413E+1	1.314122E-3	2.274408E+0	1.118298E-2	2.001788E+1	1.009091E-3	1.880491E+1	7.191220E-4	2.035627E+1	5.663491E-3	1.252153E+1	8.648975E-3	3.306546E-1	6.370794E-2	2.215461E+1	1.052249E-3	5.365947E-1	3.430616E-3	2.184015E+1	1.618977E-3	1.748382E+0	7.310210E-3	2.180633E+1	4.789767E-3	5.893163E-1	5.393978E-3	2.220966E+1	2.847347E-3	2.217182E+1	1.331593E-3	2.604019E+0	0.000000E+0	3.498675E+2	3.500000E+2	3.230173E+0	3.300000E+0	3.012056E-1	0.000000E+0	1.500000E-1	0.000000E+0	7.500000E-1	0.000000E+0	1.255023E-1	0.000000E+0	1.353014E-1	0.000000E+0
16.06.2025	16:31:00.5		1.777129E-3	8.001279E-3	2.228438E+1	4.740025E-3	2.255885E+0	1.401811E-2	2.001986E+1	1.999584E-3	1.880390E+1	3.629669E-3	2.035555E+1	6.718991E-3	1.249264E+1	9.256451E-3	3.318608E-1	8.687461E-2	2.215212E+1	5.054078E-3	5.358852E-1	4.770169E-3	2.183854E+1	2.455202E-3	1.747619E+0	4.977090E-3	2.180210E+1	6.400401E-3	5.886540E-1	3.763508E-3	2.220564E+1	2.735151E-3	2.217037E+1	3.203503E-3	2.400000E+0	0.000000E+0	3.502500E+2	3.500000E+2	3.215025E+0	3.300000E+0	2.400000E-1	0.000000E+0	1.500000E-1	0.000000E+0	7.500000E-1	0.000000E+0	1.000000E-1	0.000000E+0	1.200000E-1	0.000000E+0
16.06.2025	16:31:01.5		1.359605E-3	5.351828E-3	2.227934E+1	3.418079E-3	2.241577E+0	1.222381E-2	2.001883E+1	1.570104E-3	1.879778E+1	1.242545E-3	2.034831E+1	3.400285E-3	1.248536E+1	8.129753E-3	3.266789E-1	7.999466E-2	2.214538E+1	3.687661E-3	5.367377E-1	5.569938E-3	2.183657E+1	3.243657E-3	1.748556E+0	1.150866E-2	2.179485E+1	2.273727E-3	5.897095E-1	1.013157E-2	2.220070E+1	8.216446E-4	2.216512E+1	1.959619E-3	2.800000E+0	0.000000E+0	3.487500E+2	3.500000E+2	3.225037E+0	3.300000E+0	3.600000E-1	0.000000E+0	1.500000E-1	0.000000E+0	8.022644E-1	0.000000E+0	1.500000E-1	0.000000E+0	1.500000E-1	0.000000E+0
16.06.2025	16:31:02.5		1.294833E-3	4.886963E-3	2.227792E+1	2.703692E-3	2.239219E+0	1.153862E-2	2.001840E+1	1.358459E-3	1.879600E+1	2.655045E-4	2.034636E+1	2.353512E-3	1.248522E+1	7.836303E-3	3.254276E-1	7.589622E-2	2.214376E+1	2.924880E-3	5.370435E-1	5.709961E-3	2.183632E+1	3.344471E-3	1.748875E+0	1.358295E-2	2.179348E+1	9.432325E-4	5.900638E-1	1.210413E-2	2.219976E+1	2.089688E-4	2.216391E+1	1.365855E-3	2.800000E+0	0.000000E+0	3.487500E+2	3.500000E+2	3.229875E+0	3.300000E+0	3.600000E-1	0.000000E+0	1.500000E-1	0.000000E+0	9.000000E-1	0.000000E+0	1.500000E-1	0.000000E+0	1.500000E-1	0.000000E+0
16.06.2025	16:31:03.5		1.517548E-3	5.319829E-3	2.227411E+1	5.339307E-3	2.227700E+0	1.167823E-2	2.001498E+1	1.274527E-3	1.879848E+1	8.551149E-4	2.034166E+1	4.537471E-3	1.247670E+1	1.870810E-2	3.510616E-1	1.110038E-1	2.214631E+1	3.100442E-3	5.376225E-1	5.486590E-3	2.182975E+1	2.097223E-3	1.749061E+0	8.648928E-3	2.179867E+1	9.833351E-4	5.896317E-1	6.769033E-3	2.220145E+1	3.895210E-3	2.216102E+1	2.903796E-3	3.102088E+0	0.000000E+0	3.488418E+2	3.500000E+2	3.221541E+0	3.300000E+0	3.526566E-1	0.000000E+0	1.561195E-1	0.000000E+0	6.183585E-1	0.000000E+0	1.500000E-1	0.000000E+0	1.200000E-1	0.000000E+0
16.06.2025	16:31:04.5		8.716550E-4	2.285845E-3	2.227780E+1	5.787272E-3	2.226503E+0	7.699743E-3	2.001472E+1	6.457453E-4	1.879724E+1	1.094590E-3	2.033569E+1	1.139157E-2	1.250018E+1	9.533698E-3	3.304472E-1	8.744196E-2	2.214527E+1	5.287757E-3	5.368334E-1	1.857488E-3	2.182834E+1	4.704453E-3	1.747563E+0	3.276295E-3	2.179650E+1	3.734735E-3	5.887803E-1	2.828875E-3	2.220051E+1	5.465047E-3	2.216030E+1	1.189185E-3	2.821763E+0	0.000000E+0	3.495000E+2	3.500000E+2	3.222854E+0	3.300000E+0	3.000000E-1	0.000000E+0	1.736398E-1	0.000000E+0	6.709194E-1	0.000000E+0	1.500000E-1	0.000000E+0	1.358161E-1	0.000000E+0
16.06.2025	16:31:05.5		1.703974E-3	5.072649E-3	2.227900E+1	3.075231E-3	2.212200E+0	7.585513E-3	2.002567E+1	2.990748E-3	1.879665E+1	1.846082E-3	2.034103E+1	7.588677E-3	1.248931E+1	5.214615E-3	3.320867E-1	8.390869E-2	2.214692E+1	4.296139E-3	5.363285E-1	8.077514E-4	2.182620E+1	5.480864E-3	1.747211E+0	2.377936E-3	2.179879E+1	3.781589E-3	5.887032E-1	2.025371E-3	2.220316E+1	6.564660E-3	2.216803E+1	3.042362E-3	3.200000E+0	0.000000E+0	3.495000E+2	3.500000E+2	3.229875E+0	3.300000E+0	3.000000E-1	0.000000E+0	1.500000E-1	0.000000E+0	6.000000E-1	0.000000E+0	1.500000E-1	0.000000E+0	1.500000E-1	0.000000E+0
16.06.2025	16:31:06.5		1.631360E-3	6.596754E-3	2.227610E+1	4.267155E-3	2.197288E+0	6.077576E-3	2.002569E+1	3.603727E-3	1.879573E+1	3.129386E-3	2.034061E+1	4.963176E-3	1.252727E+1	2.995711E-2	3.359147E-1	8.147396E-2	2.214738E+1	4.136301E-3	5.361749E-1	1.640979E-3	2.182404E+1	7.731524E-3	1.747068E+0	3.740638E-3	2.179761E+1	4.549467E-3	5.882562E-1	2.577971E-3	2.220651E+1	5.347424E-3	2.216813E+1	1.299984E-3	2.649302E+0	0.000000E+0	3.490326E+2	3.500000E+2	3.220620E+0	3.300000E+0	3.373953E-1	0.000000E+0	1.376745E-1	0.000000E+0	8.065117E-1	0.000000E+0	1.188372E-1	0.000000E+0	1.573953E-1	0.000000E+0
16.06.2025	16:31:07.5		2.605223E-3	1.029521E-2	2.227269E+1	6.322166E-3	2.197706E+0	8.188696E-3	2.001654E+1	9.306681E-3	1.879118E+1	3.396568E-3	2.033543E+1	3.670983E-3	1.259074E+1	1.677571E-2	3.114628E-1	8.165803E-2	2.214059E+1	2.027800E-3	5.361456E-1	3.941086E-3	2.182766E+1	7.474550E-3	1.746934E+0	5.125925E-3	2.179384E+1	1.621512E-3	5.880360E-1	4.515004E-3	2.220220E+1	4.808605E-3	2.216081E+1	5.917798E-3	2.400000E+0	0.000000E+0	3.495000E+2	3.500000E+2	3.229875E+0	3.300000E+0	3.000000E-1	0.000000E+0	2.000000E-1	0.000000E+0	9.000000E-1	0.000000E+0	1.500000E-1	0.000000E+0	1.200000E-1	0.000000E+0
16.06.2025	16:31:08.5		1.517008E-3	4.950230E-3	2.227212E+1	3.789147E-3	2.197684E+0	1.100587E-2	2.001527E+1	8.594802E-3	1.879312E+1	2.557062E-3	2.032815E+1	2.342439E-3	1.266066E+1	2.463546E-2	3.250573E-1	1.144713E-1	2.214096E+1	1.601631E-3	5.357467E-1	3.062208E-3	2.182901E+1	4.324665E-3	1.746678E+0	6.108324E-3	2.179286E+1	3.372665E-3	5.874324E-1	4.632338E-3	2.220310E+1	4.046627E-3	2.216410E+1	7.354567E-3	3.107910E+0	0.000000E+0	3.487500E+2	3.500000E+2	3.216734E+0	3.300000E+0	3.461865E-1	0.000000E+0	1.615113E-1	0.000000E+0	7.845338E-1	0.000000E+0	1.115113E-1	0.000000E+0	1.430932E-1	0.000000E+0
16.06.2025	16:31:09.5		8.122873E-4	2.214858E-3	2.227729E+1	5.586975E-3	2.227098E+0	1.121644E-2	2.002497E+1	1.856209E-3	1.880490E+1	6.611266E-3	2.033573E+1	7.159459E-3	1.264382E+1	2.439046E-2	3.311291E-1	1.085902E-1	2.214606E+1	5.390212E-3	5.357798E-1	2.227894E-3	2.182692E+1	2.189576E-3	1.747437E+0	5.343491E-3	2.180221E+1	4.008018E-3	5.876255E-1	3.741347E-3	2.221025E+1	2.178162E-3	2.217183E+1	2.517357E-3	2.800000E+0	0.000000E+0	3.487500E+2	3.500000E+2	3.222450E+0	3.300000E+0	3.375880E-1	0.000000E+0	2.000000E-1	0.000000E+0	9.000000E-1	0.000000E+0	1.500000E-1	0.000000E+0	1.200000E-1	0.000000E+0
16.06.2025	16:31:10.5		5.924812E-4	1.415132E-3	2.227860E+1	2.474546E-3	2.247890E+0	8.980506E-3	2.001911E+1	9.075637E-4	1.879943E+1	5.019727E-3	2.033845E+1	4.661699E-3	1.258906E+1	2.788566E-2	3.221547E-1	7.135236E-2	2.215372E+1	2.059866E-3	5.359448E-1	2.208446E-3	2.183483E+1	7.576236E-4	1.748042E+0	5.517590E-3	2.179733E+1	3.969570E-3	5.881425E-1	4.222422E-3	2.220312E+1	1.348424E-3	2.216712E+1	3.412898E-4	2.788479E+0	0.000000E+0	3.480648E+2	3.500000E+2	3.222878E+0	3.300000E+0	3.565438E-1	0.000000E+0	2.000000E-1	0.000000E+0	6.043203E-1	0.000000E+0	1.471198E-1	0.000000E+0	1.200000E-1	0.000000E+0
16.06.2025	16:31:11.5		2.541866E-3	8.168228E-3	2.227551E+1	2.889473E-3	2.258468E+0	1.116408E-2	2.001945E+1	3.845121E-3	1.880023E+1	5.201967E-3	2.033486E+1	1.174906E-3	1.262709E+1	2.717597E-2	3.269676E-1	6.140992E-2	2.214997E+1	3.851537E-3	5.362295E-1	3.258461E-3	2.183395E+1	2.203921E-3	1.749616E+0	8.698849E-3	2.179846E+1	4.801063E-3	5.893624E-1	6.613049E-3	2.220250E+1	3.077103E-3	2.216144E+1	3.274158E-3	2.589354E+0	0.000000E+0	3.495399E+2	3.500000E+2	3.226755E+0	3.300000E+0	2.400000E-1	0.000000E+0	2.236693E-1	0.000000E+0	7.500000E-1	0.000000E+0	9.733854E-2	0.000000E+0	1.342016E-1	0.000000E+0
16.06.2025	16:31:12.5		3.113461E-3	1.015496E-2	2.227463E+1	3.329204E-3	2.260497E+0	1.196788E-2	2.002025E+1	4.624249E-3	1.880118E+1	5.488084E-3	2.033383E+1	5.003990E-4	1.264178E+1	2.658301E-2	3.290963E-1	6.126832E-2	2.214837E+1	4.730932E-3	5.363012E-1	3.552257E-3	2.183299E+1	2.707270E-3	1.750039E+0	9.576478E-3	2.179941E+1	5.040186E-3	5.896791E-1	7.242325E-3	2.220306E+1	3.603372E-3	2.216035E+1	4.183147E-3	2.800000E+0	0.000000E+0	3.487500E+2	3.500000E+2	3.215025E+0	3.300000E+0	2.400000E-1	0.000000E+0	2.500000E-1	0.000000E+0	7.500000E-1	0.000000E+0	1.500000E-1	0.000000E+0	1.500000E-1	0.000000E+0
16.06.2025	16:31:13.5		1.864662E-3	1.163688E-2	2.227075E+1	2.514057E-3	2.256268E+0	9.723899E-3	2.002329E+1	1.208330E-3	1.880793E+1	4.833168E-3	2.034136E+1	3.117592E-3	1.258379E+1	1.661893E-2	3.316755E-1	7.971522E-2	2.214048E+1	3.966143E-3	5.358011E-1	2.702358E-3	2.183318E+1	2.916327E-3	1.747860E+0	7.125815E-3	2.179687E+1	4.748564E-3	5.888675E-1	4.793521E-3	2.220520E+1	1.366489E-3	2.216776E+1	1.927451E-3	3.200000E+0	0.000000E+0	3.489953E+2	3.500000E+2	3.219883E+0	3.300000E+0	3.403727E-1	0.000000E+0	1.500000E-1	0.000000E+0	6.490683E-1	0.000000E+0	1.163561E-1	0.000000E+0	1.500000E-1	0.000000E+0
16.06.2025	16:31:14.5		2.715295E-3	1.169107E-2	2.227367E+1	2.027453E-3	2.247681E+0	8.864916E-3	2.002128E+1	7.584330E-4	1.880480E+1	7.079836E-3	2.033647E+1	1.775309E-3	1.257204E+1	2.426377E-2	3.279346E-1	8.265977E-2	2.213850E+1	2.747455E-3	5.357029E-1	3.704177E-3	2.182784E+1	5.511525E-3	1.747485E+0	7.427678E-3	2.179941E+1	2.915255E-3	5.883353E-1	5.731418E-3	2.220792E+1	1.155580E-3	2.216452E+1	1.717295E-3	3.200000E+0	0.000000E+0	3.495000E+2	3.500000E+2	3.229875E+0	3.300000E+0	3.000000E-1	0.000000E+0	1.500000E-1	0.000000E+0	7.500000E-1	0.000000E+0	1.500000E-1	0.000000E+0	1.500000E-1	0.000000E+0
16.06.2025	16:31:15.5		2.442631E-3	1.124652E-2	2.227890E+1	1.502691E-3	2.233868E+0	1.002025E-2	2.002136E+1	1.945871E-3	1.880725E+1	7.418219E-3	2.033784E+1	3.288367E-3	1.256285E+1	1.326219E-2	3.260961E-1	8.785076E-2	2.214237E+1	1.977026E-3	5.352986E-1	4.870123E-3	2.183682E+1	5.273192E-3	1.746692E+0	7.549910E-3	2.180035E+1	1.705068E-3	5.877566E-1	5.419696E-3	2.220715E+1	3.668302E-3	2.216766E+1	1.991890E-3	3.096112E+0	0.000000E+0	3.494026E+2	3.500000E+2	3.215989E+0	3.300000E+0	3.600000E-1	0.000000E+0	1.935070E-1	0.000000E+0	7.500000E-1	0.000000E+0	1.500000E-1	0.000000E+0	1.538958E-1	0.000000E+0
16.06.2025	16:31:16.5		1.953456E-3	7.093523E-3	2.227435E+1	2.812612E-3	2.250495E+0	8.375206E-3	2.001892E+1	6.147711E-3	1.880833E+1	9.894932E-3	2.034060E+1	9.447449E-3	1.257243E+1	1.229718E-2	3.200228E-1	9.049882E-2	2.214359E+1	7.127198E-3	5.361512E-1	3.203566E-3	2.183382E+1	2.467124E-3	1.747753E+0	4.908846E-3	2.179076E+1	6.151375E-3	5.883505E-1	3.860603E-3	2.219978E+1	4.681662E-3	2.216159E+1	8.844559E-3	2.819368E+0	0.000000E+0	3.491432E+2	3.500000E+2	3.226342E+0	3.300000E+0	3.285474E-1	0.000000E+0	1.500000E-1	0.000000E+0	7.500000E-1	0.000000E+0	1.237895E-1	0.000000E+0	1.485474E-1	0.000000E+0
16.06.2025	16:31:17.5		1.905670E-3	7.811060E-3	2.227289E+1	3.735854E-3	2.267988E+0	5.628436E-3	2.001176E+1	4.996532E-3	1.880919E+1	1.581075E-2	2.032962E+1	6.114192E-3	1.260222E+1	3.948295E-2	3.304108E-1	9.442878E-2	2.213544E+1	5.568307E-3	5.361618E-1	1.924308E-3	2.183006E+1	6.552407E-4	1.748128E+0	3.974894E-3	2.179039E+1	1.170151E-2	5.885811E-1	3.169604E-3	2.219575E+1	5.055787E-3	2.215376E+1	1.021742E-2	3.200000E+0	0.000000E+0	3.495000E+2	3.500000E+2	3.229875E+0	3.300000E+0	3.000000E-1	0.000000E+0	1.500000E-1	0.000000E+0	7.500000E-1	0.000000E+0	1.000000E-1	0.000000E+0	1.200000E-1	0.000000E+0
16.06.2025	16:31:18.5		9.530080E-4	3.291031E-3	2.227587E+1	7.467527E-3	2.283426E+0	8.302736E-3	2.001579E+1	4.562412E-3	1.881609E+1	1.154826E-2	2.033359E+1	7.943258E-3	1.265264E+1	2.513679E-2	3.206435E-1	1.000147E-1	2.214012E+1	4.132539E-3	5.359504E-1	1.503905E-3	2.182817E+1	7.166324E-4	1.748160E+0	4.201877E-3	2.179489E+1	8.818775E-3	5.885431E-1	2.726815E-3	2.219785E+1	7.922492E-3	2.216309E+1	3.107976E-3	2.980141E+0	0.000000E+0	3.486184E+2	3.500000E+2	3.224491E+0	3.300000E+0	3.600000E-1	0.000000E+0	1.862588E-1	0.000000E+0	6.412235E-1	0.000000E+0	1.500000E-1	0.000000E+0	1.417553E-1	0.000000E+0
16.06.2025	16:31:19.5		1.632100E-3	7.056589E-3	2.227413E+1	5.414358E-3	2.283851E+0	1.039291E-2	2.001879E+1	5.114864E-3	1.880872E+1	6.081861E-3	2.033379E+1	6.198641E-3	1.263327E+1	1.209541E-2	3.331300E-1	8.105438E-2	2.214081E+1	4.197269E-3	5.354046E-1	4.394365E-3	2.182634E+1	6.246999E-4	1.747616E+0	6.014016E-3	2.179360E+1	4.916400E-3	5.882313E-1	4.442345E-3	2.219643E+1	5.922064E-3	2.216515E+1	1.586929E-3	2.400000E+0	0.000000E+0	3.502500E+2	3.500000E+2	3.225036E+0	3.300000E+0	3.600000E-1	0.000000E+0	1.500000E-1	0.000000E+0	7.500000E-1	0.000000E+0	1.174152E-1	0.000000E+0	1.200000E-1	0.000000E+0
16.06.2025	16:31:20.5		8.229638E-4	3.251298E-3	2.227518E+1	2.368674E-3	2.295104E+0	6.267773E-3	2.001999E+1	7.611747E-3	1.881419E+1	2.656489E-3	2.033288E+1	1.484286E-3	1.259339E+1	2.296419E-2	3.193995E-1	7.871234E-2	2.213960E+1	2.761958E-3	5.355614E-1	2.057826E-3	2.182847E+1	3.385884E-3	1.747556E+0	3.416629E-3	2.179362E+1	1.737879E-3	5.884483E-1	2.841695E-3	2.219697E+1	2.590868E-3	2.216322E+1	2.104648E-3	2.445078E+0	0.000000E+0	3.487923E+2	3.500000E+2	3.222868E+0	3.300000E+0	3.600000E-1	0.000000E+0	1.971826E-1	0.000000E+0	7.415478E-1	0.000000E+0	1.028174E-1	0.000000E+0	1.183096E-1	0.000000E+0
16.06.2025	16:31:21.5		1.594557E-3	5.581305E-3	2.227281E+1	1.161886E-3	2.284942E+0	8.481675E-3	2.002055E+1	4.044932E-3	1.880508E+1	5.422501E-3	2.033997E+1	4.364152E-3	1.254463E+1	1.538069E-2	3.008208E-1	8.199365E-2	2.214296E+1	2.723402E-3	5.355503E-1	1.485573E-3	2.183518E+1	2.801261E-3	1.747015E+0	3.518874E-3	2.179848E+1	2.235443E-3	5.881056E-1	2.969768E-3	2.220164E+1	1.793790E-3	2.216437E+1	1.212779E-3	3.200000E+0	0.000000E+0	3.488082E+2	3.500000E+2	3.223026E+0	3.300000E+0	3.600000E-1	0.000000E+0	1.730598E-1	0.000000E+0	6.000000E-1	0.000000E+0	1.500000E-1	0.000000E+0	1.176718E-1	0.000000E+0
16.06.2025	16:31:22.5		1.906135E-3	6.690235E-3	2.227198E+1	9.933802E-4	2.281016E+0	9.486685E-3	2.002064E+1	2.824371E-3	1.880179E+1	6.410566E-3	2.034204E+1	5.518497E-3	1.253316E+1	1.214078E-2	2.970010E-1	8.264876E-2	2.214400E+1	2.836330E-3	5.355221E-1	1.584432E-3	2.183691E+1	2.400036E-3	1.746851E+0	3.804298E-3	2.179982E+1	2.576599E-3	5.879820E-1	3.182236E-3	2.220289E+1	1.773461E-3	2.216484E+1	9.248077E-4	3.200000E+0	0.000000E+0	3.480000E+2	3.500000E+2	3.215025E+0	3.300000E+0	3.600000E-1	0.000000E+0	2.000000E-1	0.000000E+0	6.000000E-1	0.000000E+0	1.500000E-1	0.000000E+0	1.500000E-1	0.000000E+0
16.06.2025	16:31:23.5		1.172424E-3	2.980132E-3	2.227352E+1	3.697471E-3	2.234081E+0	5.597523E-3	2.002530E+1	5.788524E-4	1.880666E+1	4.635487E-3	2.033472E+1	8.101819E-4	1.255640E+1	1.501629E-2	3.330846E-1	9.098794E-2	2.214912E+1	6.702410E-3	5.357537E-1	2.638096E-3	2.183216E+1	4.161275E-3	1.747632E+0	8.552455E-3	2.180050E+1	1.155941E-4	5.886092E-1	6.445488E-3	2.220562E+1	1.386635E-3	2.216288E+1	1.502245E-3	3.058430E+0	0.000000E+0	3.489691E+2	3.500000E+2	3.232044E+0	3.300000E+0	3.037067E-1	0.000000E+0	1.176963E-1	0.000000E+0	7.938222E-1	0.000000E+0	1.176963E-1	0.000000E+0	1.306178E-1	0.000000E+0
16.06.2025	16:31:24.5		2.016572E-3	6.174366E-3	2.227298E+1	6.009809E-3	2.235191E+0	9.554657E-3	2.002026E+1	2.780977E-3	1.880490E+1	5.004837E-3	2.033103E+1	3.215333E-3	1.258249E+1	9.558369E-3	3.332040E-1	8.829098E-2	2.214268E+1	3.135706E-3	5.356556E-1	2.523265E-3	2.182671E+1	2.883916E-3	1.747479E+0	5.645137E-3	2.179647E+1	3.647961E-3	5.886952E-1	4.646263E-3	2.219948E+1	5.698677E-3	2.215940E+1	1.809306E-3	2.800000E+0	0.000000E+0	3.480000E+2	3.500000E+2	3.222450E+0	3.300000E+0	4.200000E-1	0.000000E+0	1.500000E-1	0.000000E+0	6.000000E-1	0.000000E+0	1.500000E-1	0.000000E+0	1.500000E-1	0.000000E+0
16.06.2025	16:31:25.5		2.130427E-3	1.052240E-2	2.226723E+1	5.419197E-3	2.238411E+0	9.034413E-3	2.002253E+1	4.877484E-3	1.880093E+1	4.006989E-3	2.032487E+1	1.498646E-3	1.261456E+1	2.166143E-2	3.071783E-1	8.139341E-2	2.213728E+1	7.391398E-4	5.352716E-1	3.279412E-3	2.182503E+1	3.688145E-3	1.746544E+0	7.562457E-3	2.179329E+1	5.150319E-3	5.879258E-1	5.891906E-3	2.219301E+1	5.656980E-3	2.215997E+1	3.906138E-3	2.400000E+0	0.000000E+0	3.487500E+2	3.500000E+2	3.231167E+0	3.300000E+0	3.052191E-1	0.000000E+0	1.500000E-1	0.000000E+0	7.500000E-1	0.000000E+0	1.500000E-1	0.000000E+0	1.226096E-1	0.000000E+0
16.06.2025	16:31:26.5		1.698262E-3	7.559648E-3	2.227219E+1	4.944806E-3	2.240619E+0	7.587870E-3	2.002882E+1	5.653986E-3	1.880712E+1	5.544131E-3	2.033044E+1	3.819400E-3	1.266105E+1	2.658620E-2	3.250609E-1	7.246398E-2	2.214387E+1	2.266987E-3	5.354433E-1	2.398603E-3	2.182878E+1	2.625132E-3	1.746358E+0	5.417135E-3	2.179591E+1	6.061359E-3	5.881682E-1	3.630497E-3	2.220649E+1	5.809726E-3	2.216685E+1	2.520138E-3	2.581044E+0	0.000000E+0	3.490895E+2	3.500000E+2	3.234643E+0	3.300000E+0	3.328434E-1	0.000000E+0	1.726305E-1	0.000000E+0	8.178914E-1	0.000000E+0	1.500000E-1	0.000000E+0	1.500000E-1	0.000000E+0
16.06.2025	16:31:27.5		8.687266E-4	2.824015E-3	2.227273E+1	5.094419E-3	2.203889E+0	1.719880E-2	2.002491E+1	4.935838E-3	1.880494E+1	5.927128E-3	2.033274E+1	4.235640E-3	1.261492E+1	2.479877E-2	3.235106E-1	8.074428E-2	2.214118E+1	2.821840E-3	5.351255E-1	1.879072E-3	2.182570E+1	1.943879E-3	1.747422E+0	4.331772E-3	2.179511E+1	7.909071E-3	5.886965E-1	3.205453E-3	2.220297E+1	5.054942E-3	2.216341E+1	4.054196E-3	2.800000E+0	0.000000E+0	3.495000E+2	3.500000E+2	3.222450E+0	3.300000E+0	3.000000E-1	0.000000E+0	2.000000E-1	0.000000E+0	9.000000E-1	0.000000E+0	1.500000E-1	0.000000E+0	1.500000E-1	0.000000E+0
16.06.2025	16:31:28.5		1.066643E-3	3.282230E-3	2.227337E+1	3.051027E-3	2.163817E+0	1.207153E-2	2.002007E+1	7.309664E-3	1.879616E+1	4.946784E-3	2.032612E+1	1.733400E-3	1.258135E+1	1.033147E-2	3.392725E-1	1.033541E-1	2.213889E+1	4.162163E-3	5.351831E-1	1.267901E-3	2.182606E+1	4.162616E-4	1.747169E+0	2.848560E-3	2.178885E+1	1.020485E-2	5.885639E-1	2.594453E-3	2.219425E+1	4.511954E-3	2.215460E+1	2.760884E-3	2.944545E+0	0.000000E+0	3.492605E+2	3.500000E+2	3.232558E+0	3.300000E+0	2.783183E-1	0.000000E+0	1.840340E-1	0.000000E+0	8.521021E-1	0.000000E+0	1.500000E-1	0.000000E+0	1.295796E-1	0.000000E+0
16.06.2025	16:31:29.5		1.916518E-3	6.577339E-3	2.227620E+1	2.359371E-3	2.135445E+0	9.145611E-3	2.002606E+1	2.481085E-3	1.879697E+1	4.187709E-3	2.032967E+1	5.536484E-3	1.255480E+1	2.293636E-2	3.403384E-1	9.875014E-2	2.214080E+1	2.802229E-3	5.354942E-1	1.728075E-3	2.183189E+1	4.377618E-3	1.747229E+0	3.188780E-3	2.179136E+1	3.928982E-3	5.886979E-1	2.442826E-3	2.220328E+1	9.936251E-3	2.216197E+1	3.515302E-3	2.400000E+0	0.000000E+0	3.487500E+2	3.500000E+2	3.237712E+0	3.300000E+0	3.600000E-1	0.000000E+0	1.500000E-1	0.000000E+0	7.500000E-1	0.000000E+0	1.500000E-1	0.000000E+0	1.294446E-1	0.000000E+0
16.06.2025	16:31:30.5		2.276170E-3	9.912993E-3	2.227173E+1	2.524152E-3	2.113075E+0	9.530046E-3	2.002074E+1	4.999588E-3	1.880479E+1	3.427530E-3	2.032718E+1	3.594135E-3	1.255604E+1	2.380731E-2	3.391907E-1	8.656249E-2	2.214048E+1	3.169634E-3	5.348130E-1	4.484290E-3	2.182597E+1	3.449465E-3	1.746941E+0	5.420290E-3	2.179358E+1	1.229881E-3	5.885849E-1	4.098739E-3	2.219960E+1	6.928844E-3	2.216843E+1	1.788539E-3	3.139763E+0	0.000000E+0	3.501935E+2	3.500000E+2	3.243048E+0	3.300000E+0	3.045178E-1	0.000000E+0	1.537648E-1	0.000000E+0	7.612945E-1	0.000000E+0	1.500000E-1	0.000000E+0	1.200000E-1	0.000000E+0
16.06.2025	16:31:31.5		1.941140E-3	7.816448E-3	2.227135E+1	3.611555E-3	2.115560E+0	1.451744E-2	2.002066E+1	2.812732E-3	1.881339E+1	6.993842E-3	2.032854E+1	1.578882E-3	1.254525E+1	2.494476E-2	3.277133E-1	7.366027E-2	2.213810E+1	4.067564E-3	5.349921E-1	4.831649E-3	2.182680E+1	6.435517E-3	1.747583E+0	5.719615E-3	2.179232E+1	3.174491E-3	5.887319E-1	4.180386E-3	2.219789E+1	6.163476E-3	2.216546E+1	2.943241E-3	2.816097E+0	0.000000E+0	3.498901E+2	3.500000E+2	3.230174E+0	3.300000E+0	3.287928E-1	0.000000E+0	2.000000E-1	0.000000E+0	9.000000E-1	0.000000E+0	1.500000E-1	0.000000E+0	1.043964E-1	0.000000E+0
16.06.2025	16:31:32.5		1.832500E-3	7.005825E-3	2.227167E+1	3.908523E-3	2.117651E+0	1.590484E-2	2.002124E+1	1.842880E-3	1.881528E+1	8.070650E-3	2.032927E+1	1.266651E-3	1.254153E+1	2.559448E-2	3.244078E-1	7.071404E-2	2.213749E+1	4.253897E-3	5.351062E-1	4.718331E-3	2.182765E+1	7.475102E-3	1.747797E+0	5.638910E-3	2.179187E+1	3.795169E-3	5.887884E-1	4.068225E-3	2.219796E+1	6.323025E-3	2.216430E+1	3.449024E-3	3.200000E+0	0.000000E+0	3.502500E+2	3.500000E+2	3.237300E+0	3.300000E+0	3.000000E-1	0.000000E+0	2.000000E-1	0.000000E+0	9.000000E-1	0.000000E+0	1.500000E-1	0.000000E+0	9.000000E-2	0.000000E+0
16.06.2025	16:31:33.5		1.153823E-3	5.521641E-3	2.228490E+1	5.083970E-3	2.104305E+0	5.602936E-3	2.002973E+1	3.473102E-4	1.880832E+1	5.562571E-3	2.032635E+1	5.555569E-3	1.255065E+1	1.280464E-3	3.375255E-1	9.978776E-2	2.214506E+1	1.155591E-3	5.346534E-1	2.136484E-3	2.183265E+1	9.247270E-4	1.748535E+0	3.083927E-3	2.179907E+1	1.502726E-3	5.885776E-1	2.618137E-3	2.220647E+1	3.697690E-3	2.216676E+1	3.235592E-3	2.800000E+0	0.000000E+0	3.495000E+2	3.500000E+2	3.232623E+0	3.300000E+0	3.377973E-1	0.000000E+0	2.000000E-1	0.000000E+0	7.500000E-1	0.000000E+0	1.314978E-1	0.000000E+0	1.388987E-1	0.000000E+0
16.06.2025	16:31:34.5		8.425207E-4	2.632671E-3	2.227324E+1	3.793639E-3	2.101387E+0	5.191785E-3	2.002977E+1	6.239221E-3	1.880233E+1	3.912510E-3	2.032300E+1	5.882651E-3	1.255340E+1	7.902686E-4	3.280141E-1	9.578057E-2	2.214087E+1	1.894163E-3	5.343877E-1	1.187437E-3	2.182441E+1	5.663030E-3	1.748222E+0	2.775525E-3	2.179279E+1	2.444084E-3	5.884753E-1	2.401531E-3	2.219979E+1	4.657284E-3	2.215948E+1	3.588249E-3	2.800000E+0	0.000000E+0	3.495000E+2	3.500000E+2	3.237300E+0	3.300000E+0	3.000000E-1	0.000000E+0	2.000000E-1	0.000000E+0	7.500000E-1	0.000000E+0	1.000000E-1	0.000000E+0	1.200000E-1	0.000000E+0
16.06.2025	16:31:35.5		2.668073E-3	1.187641E-2	2.227068E+1	3.053079E-3	2.095605E+0	5.063015E-3	2.003058E+1	6.906342E-3	1.880694E+1	5.293116E-3	2.032526E+1	3.892585E-3	1.256404E+1	8.038210E-3	3.294509E-1	9.172199E-2	2.213605E+1	6.485117E-3	5.346588E-1	1.811309E-3	2.182399E+1	4.931811E-3	1.748102E+0	4.963671E-3	2.178875E+1	4.439327E-3	5.886710E-1	4.654077E-3	2.219869E+1	4.889028E-3	2.215869E+1	4.683409E-3	3.107172E+0	0.000000E+0	3.489241E+2	3.500000E+2	3.228152E+0	3.300000E+0	3.460758E-1	0.000000E+0	1.616035E-1	0.000000E+0	7.500000E-1	0.000000E+0	1.883965E-1	0.000000E+0	1.500000E-1	0.000000E+0
16.06.2025	16:31:36.5		3.123642E-3	1.204125E-2	2.227291E+1	4.459055E-3	2.094906E+0	7.354460E-3	2.002903E+1	4.650079E-3	1.881474E+1	8.834754E-3	2.032488E+1	5.449354E-3	1.253178E+1	2.907461E-2	3.288598E-1	6.444095E-2	2.214291E+1	6.255037E-3	5.349713E-1	2.294845E-3	2.182726E+1	1.419679E-3	1.747578E+0	5.512013E-3	2.179375E+1	3.094050E-3	5.883550E-1	4.276935E-3	2.220265E+1	3.894698E-3	2.216334E+1	4.911106E-3	2.800000E+0	0.000000E+0	3.495000E+2	3.500000E+2	3.226896E+0	3.300000E+0	3.359265E-1	0.000000E+0	2.000000E-1	0.000000E+0	7.500000E-1	0.000000E+0	1.500000E-1	0.000000E+0	1.320367E-1	0.000000E+0
16.06.2025	16:31:37.5		2.463723E-3	1.184088E-2	2.227710E+1	6.427324E-3	2.115205E+0	1.315729E-2	2.003277E+1	6.509040E-3	1.880988E+1	3.474146E-3	2.032729E+1	6.165368E-3	1.253080E+1	2.368847E-2	3.378628E-1	7.793648E-2	2.214173E+1	2.540776E-3	5.352696E-1	4.843705E-3	2.182767E+1	2.881184E-3	1.747566E+0	9.654087E-3	2.179517E+1	4.913598E-3	5.883192E-1	7.119211E-3	2.220258E+1	1.529601E-3	2.216444E+1	5.049804E-3	3.200000E+0	0.000000E+0	3.495000E+2	3.500000E+2	3.229875E+0	3.300000E+0	3.600000E-1	0.000000E+0	2.000000E-1	0.000000E+0	7.500000E-1	0.000000E+0	1.500000E-1	0.000000E+0	1.200000E-1	0.000000E+0
16.06.2025	16:31:38.5		2.338722E-3	7.966179E-3	2.227339E+1	2.868915E-3	2.144515E+0	9.517633E-3	2.003083E+1	4.482093E-3	1.880559E+1	8.712330E-4	2.032191E+1	2.306020E-3	1.258395E+1	3.041545E-2	3.187875E-1	7.429555E-2	2.213895E+1	7.969603E-4	5.356117E-1	2.378997E-3	2.182464E+1	2.102674E-3	1.747601E+0	7.767291E-3	2.179148E+1	3.774872E-3	5.884428E-1	6.136674E-3	2.220249E+1	1.037771E-3	2.216133E+1	3.052302E-3	2.864657E+0	0.000000E+0	3.495000E+2	3.500000E+2	3.225562E+0	3.300000E+0	3.348493E-1	0.000000E+0	2.000000E-1	0.000000E+0	9.000000E-1	0.000000E+0	1.290411E-1	0.000000E+0	1.325754E-1	0.000000E+0
16.06.2025	16:31:39.5		2.268924E-3	1.047953E-2	2.227106E+1	4.376222E-3	2.139886E+0	9.176954E-3	2.003436E+1	4.648390E-3	1.880691E+1	4.093363E-4	2.032384E+1	1.953885E-3	1.259527E+1	1.886531E-2	3.269119E-1	6.850181E-2	2.213623E+1	1.546356E-3	5.363202E-1	5.043843E-3	2.181973E+1	4.016085E-3	1.749102E+0	1.075507E-2	2.179280E+1	5.430632E-3	5.900849E-1	1.079784E-2	2.219711E+1	5.935598E-4	2.216166E+1	9.054588E-4	2.400000E+0	0.000000E+0	3.495000E+2	3.500000E+2	3.229875E+0	3.300000E+0	3.000000E-1	0.000000E+0	2.000000E-1	0.000000E+0	9.000000E-1	0.000000E+0	1.000000E-1	0.000000E+0	1.500000E-1	0.000000E+0
16.06.2025	16:31:40.5		2.114950E-3	9.721315E-3	2.227124E+1	3.756180E-3	2.130002E+0	1.236228E-2	2.003161E+1	3.097940E-3	1.880989E+1	1.793921E-3	2.032860E+1	3.504703E-3	1.257126E+1	1.276690E-2	3.168115E-1	6.479943E-2	2.213513E+1	2.695503E-3	5.369755E-1	6.833153E-3	2.182241E+1	5.544735E-3	1.749810E+0	1.106829E-2	2.179372E+1	5.180950E-3	5.905078E-1	9.407000E-3	2.219703E+1	1.897889E-3	2.215779E+1	3.176580E-3	3.021685E+0	0.000000E+0	3.489172E+2	3.500000E+2	3.237300E+0	3.300000E+0	3.466264E-1	0.000000E+0	1.222894E-1	0.000000E+0	6.334341E-1	0.000000E+0	1.500000E-1	0.000000E+0	1.433132E-1	0.000000E+0
16.06.2025	16:31:41.5		1.035909E-3	3.525484E-3	2.227320E+1	1.200484E-3	2.119255E+0	7.135839E-3	2.003646E+1	2.019077E-3	1.881189E+1	3.746754E-3	2.032656E+1	3.304868E-3	1.258040E+1	3.451422E-3	3.193690E-1	6.412020E-2	2.213961E+1	1.558793E-3	5.360856E-1	2.620508E-3	2.182280E+1	2.104747E-3	1.748817E+0	5.194135E-3	2.179913E+1	2.452853E-3	5.895750E-1	3.973267E-3	2.220370E+1	2.588719E-3	2.216310E+1	4.398152E-3	2.400000E+0	0.000000E+0	3.495000E+2	3.500000E+2	3.232760E+0	3.300000E+0	3.366832E-1	0.000000E+0	1.694307E-1	0.000000E+0	6.582920E-1	0.000000E+0	1.500000E-1	0.000000E+0	1.566832E-1	0.000000E+0
16.06.2025	16:31:42.5		7.362927E-4	1.893865E-3	2.227373E+1	5.800128E-4	2.116711E+0	5.396351E-3	2.003819E+1	1.859627E-3	1.881226E+1	4.188404E-3	2.032566E+1	3.137360E-3	1.258493E+1	9.349075E-4	3.212821E-1	6.415966E-2	2.214094E+1	1.160162E-3	5.357905E-1	1.346216E-3	2.182259E+1	1.044438E-3	1.748509E+0	3.571160E-3	2.180066E+1	1.740763E-3	5.893102E-1	2.649449E-3	2.220549E+1	2.668220E-3	2.216498E+1	4.524536E-3	2.810480E+0	0.000000E+0	3.480197E+2	3.500000E+2	3.229680E+0	3.300000E+0	3.600000E-1	0.000000E+0	1.513100E-1	0.000000E+0	6.039300E-1	0.000000E+0	1.486900E-1	0.000000E+0	1.792140E-1	0.000000E+0
16.06.2025	16:31:43.5		2.542486E-3	8.773466E-3	2.227763E+1	2.344169E-3	2.105123E+0	7.425263E-3	2.003290E+1	6.827287E-3	1.880283E+1	5.054507E-3	2.032517E+1	2.514195E-3	1.253950E+1	4.061351E-2	3.201890E-1	6.554246E-2	2.214204E+1	2.183734E-3	5.358379E-1	2.167620E-3	2.181828E+1	2.706703E-3	1.748817E+0	7.278145E-3	2.179169E+1	1.321969E-3	5.893471E-1	5.515357E-3	2.219378E+1	2.012062E-3	2.216064E+1	1.990382E-3	3.200000E+0	0.000000E+0	3.487500E+2	3.500000E+2	3.229177E+0	3.300000E+0	3.056424E-1	0.000000E+0	2.000000E-1	0.000000E+0	8.179470E-1	0.000000E+0	1.226490E-1	0.000000E+0	1.364106E-1	0.000000E+0
16.06.2025	16:31:44.5		1.101595E-3	3.127760E-3	2.227153E+1	3.685697E-3	2.111379E+0	5.815635E-3	2.003701E+1	9.128610E-3	1.879881E+1	3.031784E-3	2.031779E+1	2.371528E-3	1.255142E+1	9.798909E-3	3.231764E-1	8.981476E-2	2.213908E+1	5.367024E-3	5.359197E-1	2.469712E-3	2.182106E+1	2.954471E-3	1.749258E+0	7.385483E-3	2.179148E+1	3.729882E-3	5.893757E-1	5.375907E-3	2.219686E+1	2.166081E-3	2.216218E+1	3.878047E-3	3.200000E+0	0.000000E+0	3.487500E+2	3.500000E+2	3.237300E+0	3.300000E+0	2.400000E-1	0.000000E+0	2.000000E-1	0.000000E+0	9.000000E-1	0.000000E+0	1.500000E-1	0.000000E+0	1.200000E-1	0.000000E+0
16.06.2025	16:31:45.5		2.022228E-3	6.779722E-3	2.226947E+1	3.685782E-3	2.112530E+0	7.407369E-3	2.003766E+1	5.463974E-3	1.879718E+1	2.437062E-3	2.031766E+1	2.221924E-3	1.254425E+1	5.055785E-3	3.243578E-1	6.999187E-2	2.213466E+1	2.356209E-3	5.362744E-1	3.125475E-3	2.181874E+1	3.372388E-3	1.749608E+0	7.076330E-3	2.178929E+1	4.549223E-3	5.895068E-1	5.527262E-3	2.219425E+1	1.578143E-3	2.216242E+1	2.591308E-3	2.800000E+0	0.000000E+0	3.489705E+2	3.500000E+2	3.224632E+0	3.300000E+0	3.000000E-1	0.000000E+0	1.646969E-1	0.000000E+0	6.440907E-1	0.000000E+0	1.853031E-1	0.000000E+0	1.411819E-1	0.000000E+0
16.06.2025	16:31:46.5		1.889200E-3	6.220245E-3	2.226938E+1	3.792090E-3	2.108852E+0	5.376980E-3	2.003931E+1	2.353967E-3	1.880002E+1	1.073317E-3	2.032327E+1	4.458167E-3	1.256209E+1	1.594100E-2	3.257533E-1	8.075799E-2	2.213487E+1	4.501925E-4	5.356745E-1	2.190370E-3	2.182187E+1	1.215882E-3	1.748092E+0	4.889775E-3	2.179651E+1	2.169298E-3	5.884983E-1	3.611543E-3	2.219759E+1	2.865443E-3	2.216390E+1	2.134330E-3	2.800000E+0	0.000000E+0	3.495000E+2	3.500000E+2	3.229875E+0	3.300000E+0	3.000000E-1	0.000000E+0	2.000000E-1	0.000000E+0	7.500000E-1	0.000000E+0	1.500000E-1	0.000000E+0	1.200000E-1	0.000000E+0
16.06.2025	16:31:47.5		1.960614E-3	9.578521E-3	2.227533E+1	2.709903E-3	2.113436E+0	1.038280E-2	2.003999E+1	1.376309E-3	1.880510E+1	5.715810E-3	2.032742E+1	5.462990E-3	1.255673E+1	2.068222E-2	3.339983E-1	8.976570E-2	2.213845E+1	2.516301E-3	5.355810E-1	4.843404E-3	2.182875E+1	1.095565E-3	1.748380E+0	5.654831E-3	2.179882E+1	1.562496E-3	5.886484E-1	4.177501E-3	2.220144E+1	3.111795E-3	2.216871E+1	4.811281E-4	3.159779E+0	0.000000E+0	3.486746E+2	3.500000E+2	3.222450E+0	3.300000E+0	3.600000E-1	0.000000E+0	1.500000E-1	0.000000E+0	7.500000E-1	0.000000E+0	1.500000E-1	0.000000E+0	1.500000E-1	0.000000E+0
16.06.2025	16:31:48.5		3.080970E-3	1.288887E-2	2.227514E+1	2.997884E-3	2.116243E+0	9.275468E-3	2.003890E+1	5.321311E-3	1.880812E+1	4.491764E-3	2.032528E+1	6.332093E-3	1.253142E+1	2.973689E-2	3.239378E-1	8.796516E-2	2.213430E+1	5.264259E-3	5.357996E-1	3.898483E-3	2.182991E+1	1.842649E-3	1.749080E+0	8.240102E-3	2.179204E+1	6.264177E-3	5.888188E-1	5.940966E-3	2.220133E+1	2.915640E-3	2.216450E+1	3.221804E-3	3.013290E+0	0.000000E+0	3.487998E+2	3.500000E+2	3.222450E+0	3.300000E+0	3.280064E-1	0.000000E+0	1.233387E-1	0.000000E+0	8.299839E-1	0.000000E+0	1.500000E-1	0.000000E+0	1.340032E-1	0.000000E+0
16.06.2025	16:31:49.5		2.224477E-3	8.746522E-3	2.227581E+1	1.431963E-3	2.123764E+0	8.105397E-3	2.004270E+1	8.510616E-3	1.880773E+1	1.194070E-3	2.032025E+1	7.527014E-3	1.254342E+1	2.029378E-2	3.238855E-1	7.315893E-2	2.213614E+1	6.369965E-3	5.361726E-1	3.468682E-3	2.182700E+1	9.016740E-4	1.749596E+0	6.559414E-3	2.179448E+1	3.055169E-3	5.891335E-1	5.137144E-3	2.219760E+1	1.455016E-3	2.216286E+1	1.739689E-3	3.200000E+0	0.000000E+0	3.495000E+2	3.500000E+2	3.222450E+0	3.300000E+0	3.000000E-1	0.000000E+0	1.000000E-1	0.000000E+0	9.000000E-1	0.000000E+0	1.500000E-1	0.000000E+0	1.200000E-1	0.000000E+0
