date	time	comment	ai0:_P0_plenum	ai0:_P0_plenum_Stabw	ai0:_T0_plenum	ai0:_T0_plenum_Stabw	ai0:_g0_137_hood	ai0:_g0_137_hood_Stabw	ai12:_HEAT_T1_heat_in	ai12:_HEAT_T1_heat_in_Stabw	ai13:_HEAT_T2_core_out	ai13:_HEAT_T2_core_out_Stabw	ai14:_HEAT_T3_core_in	ai14:_HEAT_T3_core_in_Stabw	ai15:_HEAT_T4_heat_out	ai15:_HEAT_T4_heat_out_Stabw	ai1:_P1_fuel_HEAT	ai1:_P1_fuel_HEAT_Stabw	ai1:_T1_main_air	ai1:_T1_main_air_Stabw	ai1:_g1_135_bur	ai1:_g1_135_bur_Stabw	ai2:_T2_pilot_air_1	ai2:_T2_pilot_air_1_Stabw	ai2:_g2_137_scr	ai2:_g2_137_scr_Stabw	ai3:_T3_pilot_air_2	ai3:_T3_pilot_air_2_Stabw	ai3:_g3_135_mfc	ai3:_g3_135_mfc_Stabw	ai4:_T4_por_in	ai4:_T4_por_in_Stabw	ai6:_T6_shield	ai6:_T6_shield_Stabw	AIR-MAI	AIR-MAI.set	AIR-PIL	AIR-PIL.set	AIRHEAT	AIRHEAT.set	CH4-PIL	CH4-PIL.set	H2-MAIN	H2-MAIN.set	H2-PILO	H2-PILO.set	N2	N2.set	NH3-MAI	NH3-MAI.set
					°C	°C	V	V	°C	°C	°C	°C	°C	°C	°C	°C			°C	°C	V	V	°C	°C	V	V	°C	°C	V	V	°C	°C	°C	°C	L/MIN	L/MIN	L/MIN	L/MIN	L/MIN	L/MIN	L/MIN	L/MIN	L/MIN	L/MIN	L/MIN	L/MIN	L/Min	L/Min	L/Min	L/Min
																																																		
16.06.2025	16:33:30.4		1.173466E-3	4.906723E-3	2.227933E+1	1.142308E-3	2.271835E+0	4.670621E-3	1.923458E+1	1.007850E-2	1.691353E+1	2.983219E-3	2.026413E+1	2.631896E-3	1.250089E+1	7.940852E-3	1.085447E+0	1.242721E-1	2.214272E+1	2.056403E-3	5.363643E-1	1.472700E-3	2.182341E+1	2.171257E-3	1.748944E+0	3.322442E-3	2.179593E+1	1.942750E-3	5.891837E-1	2.663994E-3	2.219720E+1	7.996739E-4	2.215673E+1	1.370918E-3	3.200000E+0	0.000000E+0	3.487500E+2	3.500000E+2	6.459750E+0	6.600000E+0	3.600000E-1	0.000000E+0	2.000000E-1	0.000000E+0	7.500000E-1	0.000000E+0	1.000000E-1	0.000000E+0	1.500000E-1	0.000000E+0
16.06.2025	16:33:31.4		1.050911E-3	3.587729E-3	2.227342E+1	4.044565E-3	2.277385E+0	5.268820E-3	1.923210E+1	8.938384E-3	1.691437E+1	2.228733E-3	2.025921E+1	4.575036E-3	1.250000E+1	1.497426E-2	1.073674E+0	1.334976E-1	2.213472E+1	5.765039E-3	5.368569E-1	1.679304E-3	2.182348E+1	2.117155E-3	1.750365E+0	4.637171E-3	2.178454E+1	7.949067E-3	5.900967E-1	3.571298E-3	2.219627E+1	1.532150E-3	2.215554E+1	2.827750E-3	2.831498E+0	0.000000E+0	3.480591E+2	3.500000E+2	6.474600E+0	6.600000E+0	3.600000E-1	0.000000E+0	1.500000E-1	0.000000E+0	7.500000E-1	0.000000E+0	1.539372E-1	0.000000E+0	1.500000E-1	0.000000E+0
16.06.2025	16:33:32.4		1.575791E-3	3.954565E-3	2.227223E+1	5.360879E-3	2.273307E+0	5.970663E-3	1.923295E+1	3.992402E-3	1.691293E+1	1.461791E-3	2.025694E+1	2.103045E-3	1.246778E+1	7.972167E-3	1.087498E+0	8.510161E-2	2.213171E+1	4.462623E-3	5.372921E-1	2.509763E-3	2.182251E+1	2.430415E-3	1.751541E+0	6.600921E-3	2.178305E+1	3.412549E-3	5.907448E-1	4.904955E-3	2.219492E+1	1.926337E-3	2.215576E+1	6.247435E-3	3.200000E+0	0.000000E+0	3.490401E+2	3.500000E+2	6.480344E+0	6.600000E+0	3.367932E-1	0.000000E+0	1.306610E-1	0.000000E+0	6.919829E-1	0.000000E+0	1.613219E-1	0.000000E+0	1.383966E-1	0.000000E+0
16.06.2025	16:33:33.4		2.231949E-3	1.011340E-2	2.227037E+1	3.372882E-3	2.266309E+0	7.632409E-3	1.922982E+1	6.432529E-3	1.690726E+1	1.924860E-3	2.025179E+1	4.801353E-3	1.247048E+1	2.122615E-2	1.088060E+0	7.794532E-2	2.213057E+1	2.484902E-3	5.372471E-1	2.592655E-3	2.182065E+1	4.678418E-3	1.750869E+0	6.820443E-3	2.178613E+1	1.126089E-3	5.904899E-1	6.527861E-3	2.219065E+1	2.214497E-3	2.215257E+1	4.971846E-3	3.200000E+0	0.000000E+0	3.495000E+2	3.500000E+2	6.489450E+0	6.600000E+0	3.000000E-1	0.000000E+0	1.000000E-1	0.000000E+0	6.000000E-1	0.000000E+0	1.000000E-1	0.000000E+0	1.200000E-1	0.000000E+0
16.06.2025	16:33:34.4		2.762750E-3	1.293825E-2	2.227086E+1	3.430856E-3	2.255649E+0	9.662888E-3	1.923609E+1	3.248870E-3	1.690747E+1	2.354501E-3	2.025815E+1	3.769287E-3	1.250869E+1	1.799694E-2	1.079139E+0	9.285145E-2	2.213196E+1	7.677380E-4	5.364227E-1	4.440090E-3	2.182031E+1	5.126142E-3	1.749888E+0	7.861638E-3	2.178466E+1	3.509015E-3	5.896988E-1	6.200788E-3	2.219571E+1	4.487427E-3	2.215517E+1	2.683673E-3	3.153597E+0	0.000000E+0	3.495000E+2	3.500000E+2	6.474600E+0	6.600000E+0	3.069605E-1	0.000000E+0	1.941996E-1	0.000000E+0	7.674013E-1	0.000000E+0	1.441996E-1	0.000000E+0	1.234803E-1	0.000000E+0
16.06.2025	16:33:35.4		1.523671E-3	6.657149E-3	2.227219E+1	6.191337E-3	2.256361E+0	7.715396E-3	1.924154E+1	1.432041E-3	1.691224E+1	1.421294E-3	2.025891E+1	1.878082E-3	1.248427E+1	9.136068E-3	1.097246E+0	1.047354E-1	2.213517E+1	2.368768E-3	5.364150E-1	3.350926E-3	2.182321E+1	2.111732E-3	1.749534E+0	7.637235E-3	2.179108E+1	2.874295E-3	5.890340E-1	5.473174E-3	2.219740E+1	2.614250E-3	2.216144E+1	9.208270E-4	2.971905E+0	0.000000E+0	3.495000E+2	3.500000E+2	6.474600E+0	6.600000E+0	3.600000E-1	0.000000E+0	1.714881E-1	0.000000E+0	8.355357E-1	0.000000E+0	1.429762E-1	0.000000E+0	1.500000E-1	0.000000E+0
16.06.2025	16:33:36.4		2.414042E-3	1.106854E-2	2.227308E+1	5.989014E-3	2.264960E+0	1.118311E-2	1.924615E+1	2.390361E-3	1.691927E+1	3.518582E-3	2.025826E+1	1.541757E-3	1.245468E+1	9.308500E-3	1.097519E+0	8.109648E-2	2.213756E+1	3.473273E-3	5.371481E-1	5.490832E-3	2.182135E+1	3.997950E-3	1.750264E+0	8.305872E-3	2.179224E+1	2.226173E-3	5.895444E-1	6.452144E-3	2.219479E+1	5.246742E-3	2.216102E+1	2.938070E-3	3.200000E+0	0.000000E+0	3.495000E+2	3.500000E+2	6.474600E+0	6.600000E+0	3.600000E-1	0.000000E+0	2.000000E-1	0.000000E+0	7.500000E-1	0.000000E+0	2.000000E-1	0.000000E+0	1.500000E-1	0.000000E+0
16.06.2025	16:33:37.4		2.375384E-3	1.079687E-2	2.227261E+1	6.225086E-3	2.273488E+0	9.276314E-3	1.923971E+1	7.886113E-3	1.692219E+1	4.686870E-3	2.025468E+1	4.650941E-3	1.246154E+1	6.224991E-3	1.087841E+0	8.115645E-2	2.213651E+1	5.691265E-3	5.369956E-1	3.448268E-3	2.181842E+1	7.005020E-3	1.751333E+0	7.906642E-3	2.178767E+1	2.246958E-3	5.904370E-1	5.499273E-3	2.219406E+1	7.488169E-3	2.215908E+1	5.179111E-3	2.846349E+0	0.000000E+0	3.481738E+2	3.500000E+2	6.468896E+0	6.600000E+0	3.530476E-1	0.000000E+0	1.884127E-1	0.000000E+0	6.000000E-1	0.000000E+0	1.442064E-1	0.000000E+0	1.730476E-1	0.000000E+0
16.06.2025	16:33:38.4		1.557060E-3	5.323841E-3	2.227012E+1	4.887626E-3	2.278286E+0	6.922697E-3	1.923602E+1	5.039568E-3	1.691437E+1	4.782649E-3	2.025089E+1	1.807524E-3	1.242015E+1	2.049284E-2	1.079425E+0	7.965272E-2	2.213177E+1	2.650630E-3	5.365923E-1	1.904584E-3	2.181367E+1	7.049013E-3	1.750142E+0	5.461473E-3	2.178783E+1	1.770952E-3	5.895966E-1	3.522767E-3	2.219290E+1	5.834134E-3	2.215047E+1	2.105532E-3	3.200000E+0	0.000000E+0	3.495000E+2	3.500000E+2	6.478348E+0	6.600000E+0	2.702895E-1	0.000000E+0	1.495175E-1	0.000000E+0	7.485526E-1	0.000000E+0	7.524123E-2	0.000000E+0	1.200000E-1	0.000000E+0
16.06.2025	16:33:39.4		8.498311E-4	2.292013E-3	2.226982E+1	3.505042E-3	2.277652E+0	9.107985E-3	1.923371E+1	3.738753E-3	1.691156E+1	3.836450E-3	2.024835E+1	1.496938E-3	1.241956E+1	1.759924E-2	1.094196E+0	9.193996E-2	2.213029E+1	1.106397E-3	5.370847E-1	4.180811E-3	2.181821E+1	3.139694E-3	1.751679E+0	1.191519E-2	2.178647E+1	3.195840E-3	5.908983E-1	9.975546E-3	2.219010E+1	5.648996E-3	2.215073E+1	1.632145E-3	2.400000E+0	0.000000E+0	3.487500E+2	3.500000E+2	6.474600E+0	6.600000E+0	2.400000E-1	0.000000E+0	2.000000E-1	0.000000E+0	9.000000E-1	0.000000E+0	5.000000E-2	0.000000E+0	1.200000E-1	0.000000E+0
16.06.2025	16:33:40.4		9.876970E-4	2.789313E-3	2.227182E+1	1.118675E-3	2.275922E+0	1.019526E-2	1.923365E+1	4.289261E-3	1.691373E+1	6.319038E-3	2.024847E+1	1.198735E-3	1.246843E+1	2.572048E-2	1.087399E+0	6.592440E-2	2.213188E+1	1.049091E-3	5.377824E-1	5.285196E-3	2.182480E+1	1.842712E-3	1.753416E+0	1.467774E-2	2.179177E+1	3.315901E-3	5.922518E-1	1.265680E-2	2.219293E+1	3.359899E-3	2.215352E+1	1.542659E-3	3.200000E+0	0.000000E+0	3.485063E+2	3.500000E+2	6.469776E+0	6.600000E+0	3.397462E-1	0.000000E+0	1.662436E-1	0.000000E+0	6.993654E-1	0.000000E+0	1.162436E-1	0.000000E+0	1.398731E-1	0.000000E+0
16.06.2025	16:33:41.4		1.325156E-3	5.200823E-3	2.226712E+1	2.685038E-3	2.273311E+0	6.469603E-3	1.923562E+1	2.480901E-3	1.691688E+1	4.860954E-3	2.025051E+1	2.592154E-3	1.248513E+1	1.408280E-2	1.085924E+0	7.381719E-2	2.213089E+1	1.038596E-3	5.370514E-1	2.521529E-3	2.181962E+1	4.421558E-3	1.751141E+0	6.570294E-3	2.178721E+1	4.348978E-3	5.903318E-1	5.486697E-3	2.219149E+1	4.146813E-3	2.215256E+1	5.334346E-3	3.200000E+0	0.000000E+0	3.495000E+2	3.500000E+2	6.489450E+0	6.600000E+0	3.000000E-1	0.000000E+0	1.000000E-1	0.000000E+0	6.000000E-1	0.000000E+0	5.000000E-2	0.000000E+0	1.200000E-1	0.000000E+0
16.06.2025	16:33:42.4		1.391524E-3	5.594022E-3	2.227089E+1	3.121315E-3	2.272536E+0	6.950639E-3	1.923904E+1	3.757446E-3	1.691560E+1	2.760490E-3	2.025085E+1	3.650950E-3	1.246823E+1	1.316218E-2	1.087770E+0	7.270793E-2	2.213196E+1	1.610375E-3	5.369325E-1	2.089038E-3	2.182276E+1	2.695385E-3	1.750921E+0	6.352247E-3	2.178307E+1	3.005690E-3	5.904277E-1	4.852149E-3	2.219159E+1	5.676174E-3	2.215690E+1	3.442056E-3	2.800000E+0	0.000000E+0	3.495000E+2	3.500000E+2	6.473421E+0	6.600000E+0	3.000000E-1	0.000000E+0	2.000000E-1	0.000000E+0	8.761844E-1	0.000000E+0	1.000000E-1	0.000000E+0	1.200000E-1	0.000000E+0
16.06.2025	16:33:43.4		6.971235E-4	2.339061E-3	2.227356E+1	2.324105E-3	2.267720E+0	1.012384E-2	1.924186E+1	2.993838E-3	1.691743E+1	2.073710E-3	2.024788E+1	3.574872E-3	1.248515E+1	1.291070E-2	1.097744E+0	6.473848E-2	2.213201E+1	5.578224E-3	5.374428E-1	5.514285E-3	2.182339E+1	2.496674E-3	1.751550E+0	1.292013E-2	2.178497E+1	3.346096E-3	5.913181E-1	1.103699E-2	2.219426E+1	5.262874E-3	2.215428E+1	1.697491E-3	2.800000E+0	0.000000E+0	3.495000E+2	3.500000E+2	6.467175E+0	6.600000E+0	2.680413E-1	0.000000E+0	2.000000E-1	0.000000E+0	7.500000E-1	0.000000E+0	1.000000E-1	0.000000E+0	1.200000E-1	0.000000E+0
16.06.2025	16:33:44.4		4.435458E-4	1.189251E-3	2.227376E+1	2.088046E-3	2.265943E+0	1.103839E-2	1.924252E+1	2.442376E-3	1.691839E+1	1.980803E-3	2.024683E+1	3.486186E-3	1.249371E+1	1.215445E-2	1.101331E+0	6.292243E-2	2.213181E+1	6.961030E-3	5.376015E-1	6.692111E-3	2.182286E+1	2.785167E-3	1.751680E+0	1.496139E-2	2.178589E+1	3.713675E-3	5.915237E-1	1.304018E-2	2.219509E+1	4.988459E-3	2.215265E+1	1.508195E-3	2.800000E+0	0.000000E+0	3.487500E+2	3.500000E+2	6.467175E+0	6.600000E+0	2.400000E-1	0.000000E+0	2.000000E-1	0.000000E+0	7.500000E-1	0.000000E+0	1.000000E-1	0.000000E+0	1.200000E-1	0.000000E+0
16.06.2025	16:33:45.4		1.216552E-3	3.104286E-3	2.227429E+1	2.627320E-3	2.277531E+0	6.607561E-3	1.923699E+1	4.466605E-3	1.692588E+1	5.851652E-3	2.025019E+1	1.144317E-3	1.243990E+1	2.647050E-3	1.083611E+0	1.007394E-1	2.213338E+1	1.370947E-3	5.363433E-1	2.690563E-3	2.181620E+1	2.171272E-3	1.748971E+0	6.453090E-3	2.178437E+1	5.371184E-3	5.891152E-1	4.388479E-3	2.219711E+1	3.541412E-3	2.215086E+1	3.541556E-3	2.920982E+0	0.000000E+0	3.495000E+2	3.500000E+2	6.467175E+0	6.600000E+0	3.181473E-1	0.000000E+0	2.000000E-1	0.000000E+0	7.500000E-1	0.000000E+0	1.500000E-1	0.000000E+0	1.500000E-1	0.000000E+0
16.06.2025	16:33:46.4		3.965743E-3	1.155844E-2	2.226744E+1	1.513392E-3	2.281531E+0	7.167295E-3	1.923652E+1	2.543535E-3	1.691411E+1	3.736698E-3	2.024454E+1	1.078391E-3	1.245464E+1	4.002934E-3	1.098348E+0	9.174613E-2	2.213307E+1	1.678349E-3	5.371052E-1	3.390903E-3	2.181985E+1	4.276459E-3	1.750206E+0	7.472521E-3	2.178492E+1	4.026773E-3	5.898047E-1	4.780611E-3	2.219191E+1	3.761544E-3	2.215034E+1	4.800070E-3	3.200000E+0	0.000000E+0	3.495000E+2	3.500000E+2	6.467175E+0	6.600000E+0	3.600000E-1	0.000000E+0	2.000000E-1	0.000000E+0	7.500000E-1	0.000000E+0	1.500000E-1	0.000000E+0	1.500000E-1	0.000000E+0
16.06.2025	16:33:47.4		1.830363E-3	5.195906E-3	2.226775E+1	2.816977E-3	2.279609E+0	6.736216E-3	1.924180E+1	7.058690E-3	1.691254E+1	4.381766E-3	2.024463E+1	1.926362E-3	1.249144E+1	1.723744E-2	1.085522E+0	7.286820E-2	2.213064E+1	1.509440E-3	5.374895E-1	3.924399E-3	2.182255E+1	5.241056E-3	1.750835E+0	9.233085E-3	2.178343E+1	1.888017E-3	5.904207E-1	7.066757E-3	2.218954E+1	2.913998E-3	2.215260E+1	6.511347E-3	2.827124E+0	0.000000E+0	3.487500E+2	3.500000E+2	6.474600E+0	6.600000E+0	3.600000E-1	0.000000E+0	1.932190E-1	0.000000E+0	4.601715E-1	0.000000E+0	1.966095E-1	0.000000E+0	1.500000E-1	0.000000E+0
16.06.2025	16:33:48.4		6.191632E-4	2.013704E-3	2.226689E+1	1.609093E-3	2.280577E+0	6.215320E-3	1.923390E+1	2.672904E-3	1.690837E+1	3.800946E-3	2.024582E+1	1.799199E-3	1.249728E+1	2.082986E-2	1.084445E+0	8.873216E-2	2.213080E+1	1.485547E-3	5.368775E-1	2.945550E-3	2.182145E+1	1.684646E-3	1.750457E+0	7.538348E-3	2.178097E+1	1.964096E-3	5.901033E-1	5.547887E-3	2.219190E+1	2.651128E-3	2.215202E+1	4.516196E-3	3.027342E+0	0.000000E+0	3.490737E+2	3.500000E+2	6.474600E+0	6.600000E+0	3.600000E-1	0.000000E+0	1.431645E-1	0.000000E+0	6.647468E-1	0.000000E+0	1.715823E-1	0.000000E+0	1.500000E-1	0.000000E+0
16.06.2025	16:33:49.4		8.736674E-4	2.763137E-3	2.226546E+1	7.657386E-4	2.279331E+0	5.056141E-3	1.923281E+1	1.125628E-3	1.691143E+1	3.478742E-3	2.024363E+1	2.583742E-3	1.246313E+1	1.356940E-2	1.095149E+0	8.509152E-2	2.213081E+1	1.485001E-3	5.364688E-1	2.105630E-3	2.182276E+1	2.052761E-3	1.750092E+0	6.153051E-3	2.178034E+1	2.694288E-3	5.898988E-1	4.515213E-3	2.219079E+1	3.396041E-3	2.215336E+1	1.540027E-3	2.800000E+0	0.000000E+0	3.495000E+2	3.500000E+2	6.474600E+0	6.600000E+0	3.600000E-1	0.000000E+0	2.000000E-1	0.000000E+0	7.500000E-1	0.000000E+0	2.000000E-1	0.000000E+0	1.500000E-1	0.000000E+0
16.06.2025	16:33:50.4		1.760111E-3	5.625246E-3	2.226427E+1	1.462995E-3	2.275741E+0	4.710233E-3	1.923508E+1	2.085672E-3	1.691282E+1	3.206180E-3	2.023844E+1	3.129437E-3	1.245031E+1	1.280898E-2	1.092701E+0	7.025511E-2	2.213136E+1	1.989384E-3	5.364603E-1	2.502156E-3	2.182077E+1	4.866838E-3	1.749746E+0	5.921231E-3	2.178204E+1	3.321758E-3	5.895803E-1	4.129667E-3	2.218904E+1	4.566422E-3	2.215269E+1	1.573205E-3	2.886952E+0	0.000000E+0	3.489130E+2	3.500000E+2	6.472986E+0	6.600000E+0	3.000000E-1	0.000000E+0	2.000000E-1	0.000000E+0	8.673931E-1	0.000000E+0	1.108690E-1	0.000000E+0	1.200000E-1	0.000000E+0
16.06.2025	16:33:51.4		1.267928E-3	4.117858E-3	2.226758E+1	4.687977E-4	2.280384E+0	4.583610E-3	1.924102E+1	1.728806E-3	1.691811E+1	1.765761E-3	2.024262E+1	4.668652E-3	1.244321E+1	2.608483E-2	1.091860E+0	8.278508E-2	2.213270E+1	1.093149E-3	5.367649E-1	2.170460E-3	2.181829E+1	5.835146E-3	1.750379E+0	3.695680E-3	2.178752E+1	5.585500E-3	5.899537E-1	3.132800E-3	2.219798E+1	6.386188E-3	2.215589E+1	2.444848E-3	3.200000E+0	0.000000E+0	3.495000E+2	3.500000E+2	6.467175E+0	6.600000E+0	3.000000E-1	0.000000E+0	2.000000E-1	0.000000E+0	7.500000E-1	0.000000E+0	1.804735E-1	0.000000E+0	1.200000E-1	0.000000E+0
16.06.2025	16:33:52.4		1.861060E-3	6.278956E-3	2.226746E+1	2.107518E-3	2.284524E+0	4.382317E-3	1.923675E+1	4.423434E-3	1.691887E+1	2.021171E-3	2.024264E+1	2.458557E-3	1.245361E+1	1.850317E-2	1.087663E+0	8.065978E-2	2.212997E+1	4.658139E-3	5.368582E-1	1.304072E-3	2.182065E+1	3.611469E-3	1.751252E+0	5.515105E-3	2.178324E+1	2.096161E-3	5.903635E-1	4.901781E-3	2.219017E+1	9.672760E-3	2.215504E+1	1.245083E-3	2.792464E+0	0.000000E+0	3.494859E+2	3.500000E+2	6.467175E+0	6.600000E+0	3.600000E-1	0.000000E+0	1.500000E-1	0.000000E+0	7.471741E-1	0.000000E+0	2.000000E-1	0.000000E+0	1.794348E-1	0.000000E+0
16.06.2025	16:33:53.4		2.876620E-3	1.064222E-2	2.227199E+1	2.120236E-3	2.288136E+0	5.186140E-3	1.924085E+1	5.438623E-3	1.691892E+1	3.571509E-3	2.024641E+1	3.840159E-3	1.247503E+1	6.814837E-3	1.093060E+0	8.056714E-2	2.213965E+1	4.839425E-3	5.370386E-1	2.575460E-3	2.182471E+1	7.455453E-4	1.751733E+0	8.413247E-3	2.178777E+1	5.942032E-3	5.906219E-1	7.273856E-3	2.220044E+1	4.134531E-3	2.215693E+1	1.623639E-3	2.400000E+0	0.000000E+0	3.484922E+2	3.500000E+2	6.472279E+0	6.600000E+0	2.981280E-1	0.000000E+0	1.671867E-1	0.000000E+0	7.031200E-1	0.000000E+0	1.656267E-1	0.000000E+0	1.396880E-1	0.000000E+0
16.06.2025	16:33:54.4		3.131114E-3	1.183214E-2	2.227386E+1	1.839301E-3	2.289188E+0	5.502245E-3	1.924321E+1	5.416969E-3	1.691911E+1	4.041342E-3	2.024809E+1	4.721482E-3	1.248118E+1	4.169398E-3	1.095678E+0	8.164032E-2	2.214364E+1	4.368844E-3	5.371066E-1	3.134095E-3	2.182582E+1	3.582695E-15	1.751829E+0	9.122922E-3	2.179025E+1	7.935369E-3	5.906857E-1	7.863467E-3	2.220575E+1	1.724448E-3	2.215792E+1	1.954457E-3	2.400000E+0	0.000000E+0	3.480000E+2	3.500000E+2	6.482025E+0	6.600000E+0	1.800000E-1	0.000000E+0	2.000000E-1	0.000000E+0	9.000000E-1	0.000000E+0	1.000000E-1	0.000000E+0	1.200000E-1	0.000000E+0
16.06.2025	16:33:55.4		3.553384E-3	1.310275E-2	2.227503E+1	2.320481E-3	2.281781E+0	1.035776E-2	1.923668E+1	1.257224E-3	1.691141E+1	2.716601E-3	2.024321E+1	6.044398E-3	1.246251E+1	1.795626E-2	1.090699E+0	6.651624E-2	2.213657E+1	2.001241E-3	5.376910E-1	4.011041E-3	2.182378E+1	2.316470E-3	1.752111E+0	1.060506E-2	2.178748E+1	1.993029E-3	5.916081E-1	8.333881E-3	2.219394E+1	1.702610E-3	2.215220E+1	1.743437E-3	2.800000E+0	0.000000E+0	3.499268E+2	3.500000E+2	6.465575E+0	6.600000E+0	3.129278E-1	0.000000E+0	1.784536E-1	0.000000E+0	7.176804E-1	0.000000E+0	1.892268E-1	0.000000E+0	1.500000E-1	0.000000E+0
16.06.2025	16:33:56.4		1.250162E-3	4.179511E-3	2.226888E+1	2.158287E-3	2.275774E+0	6.532887E-3	1.923689E+1	2.645107E-3	1.690805E+1	9.547299E-3	2.024527E+1	2.650797E-3	1.243589E+1	9.210302E-3	1.086723E+0	6.225920E-2	2.213266E+1	6.237144E-4	5.370176E-1	3.311579E-3	2.182130E+1	1.220059E-3	1.750499E+0	9.182613E-3	2.178735E+1	3.690624E-3	5.905949E-1	6.706922E-3	2.219061E+1	5.401036E-3	2.215521E+1	6.395685E-4	2.800000E+0	0.000000E+0	3.487500E+2	3.500000E+2	6.459750E+0	6.600000E+0	3.600000E-1	0.000000E+0	1.000000E-1	0.000000E+0	6.000000E-1	0.000000E+0	1.500000E-1	0.000000E+0	1.500000E-1	0.000000E+0
16.06.2025	16:33:57.4		1.111196E-3	3.999780E-3	2.226614E+1	3.749722E-3	2.271659E+0	8.738496E-3	1.923728E+1	5.014978E-3	1.690489E+1	9.053918E-3	2.024000E+1	3.136869E-3	1.244123E+1	1.361868E-2	1.083255E+0	6.192607E-2	2.213624E+1	4.327197E-3	5.363426E-1	4.366576E-3	2.182052E+1	3.907738E-3	1.748570E+0	4.956692E-3	2.178285E+1	1.869604E-3	5.893745E-1	3.827971E-3	2.218947E+1	3.652889E-3	2.215488E+1	1.249181E-3	2.800000E+0	0.000000E+0	3.487748E+2	3.500000E+2	6.482025E+0	6.600000E+0	3.000000E-1	0.000000E+0	1.533124E-1	0.000000E+0	6.099371E-1	0.000000E+0	1.000000E-1	0.000000E+0	1.490063E-1	0.000000E+0
16.06.2025	16:33:58.4		1.004706E-3	3.001979E-3	2.226836E+1	3.266823E-3	2.272326E+0	6.704133E-3	1.923585E+1	5.011073E-3	1.690508E+1	8.651478E-3	2.023415E+1	1.266284E-3	1.242790E+1	8.667107E-3	1.080994E+0	6.633637E-2	2.213557E+1	3.928416E-3	5.369357E-1	2.520949E-3	2.181541E+1	2.518837E-3	1.749752E+0	7.140859E-3	2.178406E+1	2.257462E-3	5.903915E-1	4.847634E-3	2.218876E+1	1.864212E-3	2.215259E+1	2.808707E-3	2.961628E+0	0.000000E+0	3.495000E+2	3.500000E+2	6.476025E+0	6.600000E+0	3.000000E-1	0.000000E+0	2.095931E-1	0.000000E+0	9.000000E-1	0.000000E+0	1.202035E-1	0.000000E+0	1.321221E-1	0.000000E+0
16.06.2025	16:33:59.4		1.130291E-3	3.061896E-3	2.226993E+1	1.863299E-3	2.269050E+0	5.085641E-3	1.923648E+1	3.975953E-3	1.689272E+1	4.760913E-3	2.023689E+1	4.553290E-3	1.242459E+1	2.069575E-2	1.085883E+0	7.250132E-2	2.213257E+1	1.872418E-3	5.372581E-1	3.025175E-3	2.181939E+1	5.115120E-4	1.750042E+0	8.578486E-3	2.178274E+1	3.761224E-3	5.910541E-1	6.538933E-3	2.219120E+1	1.614257E-3	2.215367E+1	5.579040E-3	3.200000E+0	0.000000E+0	3.495000E+2	3.500000E+2	6.467175E+0	6.600000E+0	3.000000E-1	0.000000E+0	1.500000E-1	0.000000E+0	9.000000E-1	0.000000E+0	1.500000E-1	0.000000E+0	1.500000E-1	0.000000E+0
16.06.2025	16:34:00.4		1.775787E-3	7.382265E-3	2.227204E+1	2.030112E-3	2.261096E+0	6.796689E-3	1.923429E+1	4.394016E-3	1.688612E+1	3.845755E-3	2.024212E+1	3.536163E-3	1.243412E+1	2.478127E-2	1.092783E+0	9.129525E-2	2.213189E+1	3.889964E-3	5.366902E-1	3.776888E-3	2.182320E+1	1.431222E-3	1.748353E+0	7.556512E-3	2.178316E+1	5.002403E-3	5.898698E-1	6.021932E-3	2.219310E+1	2.729235E-3	2.215624E+1	3.952122E-3	2.693053E+0	0.000000E+0	3.487500E+2	3.500000E+2	6.467175E+0	6.600000E+0	3.600000E-1	0.000000E+0	2.232632E-1	0.000000E+0	7.098947E-1	0.000000E+0	1.500000E-1	0.000000E+0	1.280211E-1	0.000000E+0
16.06.2025	16:34:01.4		1.712069E-3	7.396184E-3	2.227124E+1	2.035061E-3	2.265760E+0	6.229993E-3	1.923664E+1	2.353014E-3	1.688819E+1	1.349978E-3	2.023738E+1	2.643099E-3	1.245210E+1	1.571949E-2	1.093698E+0	7.184752E-2	2.213448E+1	5.518636E-3	5.367481E-1	2.373174E-3	2.182387E+1	2.796683E-3	1.748152E+0	4.462143E-3	2.178823E+1	3.543711E-3	5.898610E-1	3.756861E-3	2.219121E+1	1.943286E-3	2.215383E+1	1.155016E-3	2.400000E+0	0.000000E+0	3.487500E+2	3.500000E+2	6.467175E+0	6.600000E+0	3.600000E-1	0.000000E+0	1.500000E-1	0.000000E+0	6.000000E-1	0.000000E+0	1.500000E-1	0.000000E+0	1.500000E-1	0.000000E+0
16.06.2025	16:34:02.4		9.967787E-4	3.296454E-3	2.226897E+1	2.776969E-3	2.278137E+0	6.216337E-3	1.923191E+1	2.352610E-3	1.688984E+1	8.954938E-4	2.023331E+1	1.669822E-3	1.243177E+1	1.818943E-2	1.075463E+0	1.068874E-1	2.213023E+1	7.986936E-3	5.369064E-1	1.758818E-3	2.181969E+1	5.862924E-3	1.748947E+0	4.508576E-3	2.178665E+1	3.967538E-3	5.903698E-1	3.306727E-3	2.219280E+1	5.173115E-3	2.215116E+1	6.402046E-3	2.848219E+0	0.000000E+0	3.488404E+2	3.500000E+2	6.468070E+0	6.600000E+0	3.527672E-1	0.000000E+0	1.120546E-1	0.000000E+0	6.180820E-1	0.000000E+0	1.939727E-1	0.000000E+0	1.500000E-1	0.000000E+0
16.06.2025	16:34:03.4		1.172695E-3	4.475749E-3	2.226931E+1	2.424339E-3	2.287267E+0	5.928093E-3	1.923401E+1	4.709608E-3	1.689332E+1	4.297013E-3	2.023618E+1	2.053442E-3	1.241544E+1	1.426971E-2	1.081180E+0	9.650201E-2	2.213204E+1	5.665460E-3	5.369930E-1	1.866338E-3	2.181845E+1	5.968924E-3	1.748979E+0	4.548498E-3	2.178775E+1	3.546141E-3	5.905230E-1	3.498273E-3	2.219337E+1	6.368642E-3	2.215953E+1	3.778611E-3	3.200000E+0	0.000000E+0	3.495000E+2	3.500000E+2	6.467299E+0	6.600000E+0	3.000000E-1	0.000000E+0	2.000000E-1	0.000000E+0	8.237444E-1	0.000000E+0	1.500000E-1	0.000000E+0	1.500000E-1	0.000000E+0
16.06.2025	16:34:04.4		1.321120E-3	5.392557E-3	2.226967E+1	2.184391E-3	2.289305E+0	5.761569E-3	1.923560E+1	5.462556E-3	1.689452E+1	5.475042E-3	2.023749E+1	2.329157E-3	1.241293E+1	1.206554E-2	1.085711E+0	8.664672E-2	2.213341E+1	4.511502E-3	5.370171E-1	1.914547E-3	2.181856E+1	5.636358E-3	1.748902E+0	4.422188E-3	2.178860E+1	3.244969E-3	5.905329E-1	3.533090E-3	2.219325E+1	6.311271E-3	2.216282E+1	2.007886E-3	3.200000E+0	0.000000E+0	3.495000E+2	3.500000E+2	6.459750E+0	6.600000E+0	3.000000E-1	0.000000E+0	2.000000E-1	0.000000E+0	9.000000E-1	0.000000E+0	1.500000E-1	0.000000E+0	1.500000E-1	0.000000E+0
16.06.2025	16:34:05.4		1.363916E-3	5.933932E-3	2.228081E+1	4.266747E-3	2.299856E+0	6.096350E-3	1.924621E+1	8.879735E-4	1.689456E+1	6.005508E-3	2.024724E+1	4.640556E-3	1.248512E+1	3.777812E-2	1.082304E+0	5.982153E-2	2.213944E+1	3.557502E-3	5.371856E-1	3.274019E-3	2.182393E+1	4.549027E-3	1.748307E+0	4.407885E-3	2.178907E+1	6.717795E-3	5.891573E-1	3.094883E-3	2.220346E+1	6.335401E-3	2.216293E+1	6.374585E-3	3.200000E+0	0.000000E+0	3.490059E+2	3.500000E+2	6.464818E+0	6.600000E+0	3.395251E-1	0.000000E+0	1.670624E-1	0.000000E+0	6.511873E-1	0.000000E+0	1.500000E-1	0.000000E+0	1.500000E-1	0.000000E+0
16.06.2025	16:34:06.4		2.438510E-3	9.727147E-3	2.227370E+1	9.320823E-3	2.295274E+0	5.779373E-3	1.924561E+1	7.797047E-4	1.689244E+1	2.788358E-3	2.024365E+1	4.453843E-3	1.246371E+1	2.992367E-2	1.076661E+0	9.233906E-2	2.214180E+1	2.247118E-3	5.370432E-1	2.090622E-3	2.182638E+1	3.051327E-3	1.748909E+0	6.528268E-3	2.179319E+1	5.130378E-3	5.896080E-1	5.235790E-3	2.219847E+1	9.470139E-3	2.216115E+1	8.711205E-3	3.200000E+0	0.000000E+0	3.495000E+2	3.500000E+2	6.474600E+0	6.600000E+0	3.000000E-1	0.000000E+0	2.000000E-1	0.000000E+0	7.500000E-1	0.000000E+0	1.500000E-1	0.000000E+0	1.500000E-1	0.000000E+0
16.06.2025	16:34:07.4		1.802096E-3	4.917587E-3	2.226853E+1	6.515416E-3	2.284826E+0	6.805613E-3	1.923756E+1	6.561192E-3	1.689481E+1	1.102540E-3	2.022993E+1	4.274702E-3	1.247361E+1	9.040182E-3	1.077062E+0	1.011754E-1	2.213317E+1	2.812994E-3	5.367561E-1	1.680521E-3	2.182165E+1	2.760882E-3	1.748206E+0	4.088007E-3	2.178529E+1	7.320974E-3	5.892269E-1	3.260584E-3	2.219445E+1	4.445188E-3	2.215619E+1	4.997009E-3	3.200000E+0	0.000000E+0	3.495000E+2	3.500000E+2	6.480632E+0	6.600000E+0	2.512603E-1	0.000000E+0	1.687671E-1	0.000000E+0	9.000000E-1	0.000000E+0	1.000000E-1	0.000000E+0	1.200000E-1	0.000000E+0
16.06.2025	16:34:08.4		3.131001E-3	1.091723E-2	2.226571E+1	3.013057E-3	2.280906E+0	7.932488E-3	1.922803E+1	5.064704E-3	1.689165E+1	4.295045E-3	2.022819E+1	2.134560E-3	1.247852E+1	5.881998E-3	1.100739E+0	7.136112E-2	2.212961E+1	2.742774E-3	5.371199E-1	2.685823E-3	2.181626E+1	4.351179E-3	1.749202E+0	7.730107E-3	2.178010E+1	5.310109E-3	5.897344E-1	4.961472E-3	2.219654E+1	4.360386E-3	2.215655E+1	3.416796E-3	3.200000E+0	0.000000E+0	3.495000E+2	3.500000E+2	6.474600E+0	6.600000E+0	2.677349E-1	0.000000E+0	2.500000E-1	0.000000E+0	9.000000E-1	0.000000E+0	1.268876E-1	0.000000E+0	1.200000E-1	0.000000E+0
16.06.2025	16:34:09.4		1.850860E-3	7.001987E-3	2.226547E+1	2.753704E-3	2.282312E+0	4.967157E-3	1.923339E+1	2.617462E-3	1.689161E+1	1.085865E-2	2.023102E+1	3.933844E-3	1.250553E+1	1.670397E-2	1.095874E+0	6.413521E-2	2.213080E+1	3.406430E-3	5.368008E-1	1.810657E-3	2.181356E+1	4.966220E-3	1.748536E+0	4.054135E-3	2.178112E+1	2.146353E-3	5.891902E-1	2.902132E-3	2.219583E+1	4.018827E-3	2.215539E+1	4.321577E-3	2.800000E+0	0.000000E+0	3.487500E+2	3.500000E+2	6.474600E+0	6.600000E+0	2.400000E-1	0.000000E+0	2.000000E-1	0.000000E+0	9.000000E-1	0.000000E+0	1.500000E-1	0.000000E+0	1.200000E-1	0.000000E+0
16.06.2025	16:34:10.4		2.063584E-3	6.268191E-3	2.226332E+1	4.467980E-3	2.284197E+0	4.799312E-3	1.923301E+1	2.007081E-3	1.689265E+1	6.926297E-3	2.022482E+1	4.029760E-3	1.249738E+1	1.487773E-2	1.109525E+0	7.558285E-2	2.213000E+1	2.039883E-3	5.368993E-1	2.217862E-3	2.181477E+1	2.223161E-3	1.748999E+0	4.965390E-3	2.178118E+1	5.593268E-4	5.894177E-1	3.992873E-3	2.218988E+1	3.805667E-3	2.214767E+1	4.831173E-3	2.925854E+0	0.000000E+0	3.487500E+2	3.500000E+2	6.462294E+0	6.600000E+0	3.205610E-1	0.000000E+0	2.000000E-1	0.000000E+0	8.014024E-1	0.000000E+0	1.671341E-1	0.000000E+0	1.405610E-1	0.000000E+0
16.06.2025	16:34:11.4		2.382595E-3	8.161831E-3	2.226657E+1	4.021011E-3	2.284119E+0	5.399722E-3	1.923371E+1	4.056521E-3	1.689992E+1	3.936393E-3	2.022526E+1	3.581957E-3	1.251242E+1	2.377721E-2	1.099847E+0	7.190764E-2	2.212782E+1	2.609564E-3	5.369128E-1	2.559965E-3	2.181395E+1	4.198002E-3	1.749435E+0	7.202299E-3	2.178647E+1	3.818476E-3	5.893987E-1	4.693257E-3	2.219230E+1	2.494814E-3	2.215156E+1	4.873479E-3	2.400000E+0	0.000000E+0	3.487500E+2	3.500000E+2	6.467175E+0	6.600000E+0	3.600000E-1	0.000000E+0	2.000000E-1	0.000000E+0	9.000000E-1	0.000000E+0	2.000000E-1	0.000000E+0	1.800000E-1	0.000000E+0
16.06.2025	16:34:12.4		2.174322E-3	9.468125E-3	2.227449E+1	2.936116E-3	2.278558E+0	5.851817E-3	1.924311E+1	3.347831E-3	1.690585E+1	2.515122E-3	2.022914E+1	2.142965E-3	1.253098E+1	2.169370E-2	1.079572E+0	8.787320E-2	2.213503E+1	2.350252E-3	5.371381E-1	2.319913E-3	2.182279E+1	2.361741E-3	1.750209E+0	8.224463E-3	2.179108E+1	1.550786E-3	5.900372E-1	6.116889E-3	2.219546E+1	1.129040E-3	2.216110E+1	4.029690E-3	3.129275E+0	0.000000E+0	3.493674E+2	3.500000E+2	6.467175E+0	6.600000E+0	3.106088E-1	0.000000E+0	2.000000E-1	0.000000E+0	7.765220E-1	0.000000E+0	1.176814E-1	0.000000E+0	1.306088E-1	0.000000E+0
16.06.2025	16:34:13.4		1.763288E-3	6.156130E-3	2.226788E+1	4.281153E-3	2.276142E+0	5.826836E-3	1.923772E+1	3.474953E-3	1.689996E+1	4.843730E-3	2.023104E+1	2.832895E-3	1.254514E+1	3.032567E-2	1.094345E+0	8.274823E-2	2.213171E+1	3.880568E-3	5.370598E-1	1.803576E-3	2.182161E+1	3.245851E-3	1.749711E+0	5.025110E-3	2.178609E+1	3.273676E-3	5.896654E-1	3.966246E-3	2.219081E+1	3.033315E-3	2.215445E+1	4.804361E-3	2.800000E+0	0.000000E+0	3.487500E+2	3.500000E+2	6.467175E+0	6.600000E+0	3.600000E-1	0.000000E+0	2.000000E-1	0.000000E+0	9.000000E-1	0.000000E+0	2.000000E-1	0.000000E+0	1.626217E-1	0.000000E+0
16.06.2025	16:34:14.4		1.639300E-3	4.820736E-3	2.226457E+1	4.872224E-3	2.275980E+0	5.767604E-3	1.923456E+1	3.723752E-3	1.689734E+1	5.852581E-3	2.023137E+1	3.275170E-3	1.254892E+1	3.432771E-2	1.101707E+0	7.832691E-2	2.212943E+1	4.538194E-3	5.369961E-1	1.647223E-3	2.181990E+1	3.969490E-3	1.749428E+0	3.766821E-3	2.178390E+1	4.393114E-3	5.894314E-1	2.975837E-3	2.218888E+1	3.850171E-3	2.215103E+1	5.202494E-3	2.800000E+0	0.000000E+0	3.480000E+2	3.500000E+2	6.467175E+0	6.600000E+0	3.600000E-1	0.000000E+0	1.500000E-1	0.000000E+0	6.000000E-1	0.000000E+0	2.000000E-1	0.000000E+0	1.500000E-1	0.000000E+0
16.06.2025	16:34:15.4		1.767021E-3	6.321423E-3	2.226646E+1	4.534776E-3	2.298624E+0	6.696375E-3	1.924030E+1	3.523558E-3	1.689183E+1	2.960739E-3	2.022968E+1	1.022125E-3	1.245935E+1	7.538424E-3	1.069383E+0	8.842262E-2	2.212920E+1	9.977706E-3	5.367908E-1	2.483267E-3	2.181880E+1	2.268283E-3	1.749311E+0	3.933288E-3	2.178667E+1	7.031868E-3	5.896317E-1	3.333491E-3	2.218923E+1	6.008987E-3	2.215467E+1	3.288043E-3	2.740286E+0	0.000000E+0	3.495000E+2	3.500000E+2	6.475708E+0	6.600000E+0	3.344786E-1	0.000000E+0	1.425357E-1	0.000000E+0	9.000000E-1	0.000000E+0	1.287321E-1	0.000000E+0	1.200000E-1	0.000000E+0
16.06.2025	16:34:16.4		1.199587E-3	4.276588E-3	2.227070E+1	2.582263E-3	2.299233E+0	5.686615E-3	1.923957E+1	3.165843E-3	1.689556E+1	3.067451E-3	2.022870E+1	2.984943E-3	1.247648E+1	1.061256E-2	1.087922E+0	8.242759E-2	2.212889E+1	8.467356E-3	5.365945E-1	1.841011E-3	2.182004E+1	1.280126E-3	1.748934E+0	3.882575E-3	2.178462E+1	6.805695E-3	5.891193E-1	3.141307E-3	2.218807E+1	5.961994E-3	2.214924E+1	2.231496E-3	3.200000E+0	0.000000E+0	3.495000E+2	3.500000E+2	6.467175E+0	6.600000E+0	3.000000E-1	0.000000E+0	2.000000E-1	0.000000E+0	9.000000E-1	0.000000E+0	1.000000E-1	0.000000E+0	1.200000E-1	0.000000E+0
16.06.2025	16:34:17.4		1.041958E-3	3.592006E-3	2.226473E+1	4.667786E-3	2.291365E+0	4.326291E-3	1.923605E+1	2.350876E-3	1.688947E+1	3.398139E-3	2.023086E+1	3.467731E-3	1.250313E+1	5.472909E-3	1.091732E+0	6.737792E-2	2.212502E+1	8.081408E-3	5.366454E-1	1.084880E-3	2.181635E+1	2.883473E-3	1.750469E+0	8.219579E-3	2.178381E+1	2.234135E-3	5.902906E-1	6.790872E-3	2.218744E+1	4.745792E-3	2.214804E+1	1.686292E-3	3.200000E+0	0.000000E+0	3.498201E+2	3.500000E+2	6.464006E+0	6.600000E+0	3.600000E-1	0.000000E+0	2.356694E-1	0.000000E+0	8.570083E-1	0.000000E+0	1.000000E-1	0.000000E+0	1.285983E-1	0.000000E+0
16.06.2025	16:34:18.4		1.449179E-3	5.123294E-3	2.226996E+1	6.315806E-3	2.292040E+0	5.478783E-3	1.924068E+1	2.770457E-3	1.689398E+1	4.182327E-3	2.023417E+1	2.890428E-3	1.251074E+1	5.367620E-3	1.090834E+0	1.103672E-1	2.213244E+1	7.081937E-3	5.369062E-1	1.294939E-3	2.182303E+1	4.252657E-3	1.750433E+0	5.302252E-3	2.178814E+1	3.199522E-3	5.901054E-1	4.172843E-3	2.219362E+1	4.540112E-3	2.215472E+1	2.412752E-3	3.200000E+0	0.000000E+0	3.487500E+2	3.500000E+2	6.474600E+0	6.600000E+0	3.600000E-1	0.000000E+0	2.000000E-1	0.000000E+0	7.500000E-1	0.000000E+0	1.000000E-1	0.000000E+0	1.500000E-1	0.000000E+0
16.06.2025	16:34:19.4		1.435312E-3	5.725079E-3	2.227312E+1	4.394029E-3	2.289750E+0	6.331604E-3	1.923903E+1	3.801035E-3	1.689222E+1	6.954621E-3	2.023339E+1	2.530116E-3	1.248473E+1	1.513379E-2	1.093628E+0	7.134176E-2	2.213685E+1	4.185244E-3	5.367932E-1	1.460253E-3	2.182037E+1	5.349524E-3	1.750379E+0	2.961096E-3	2.178291E+1	3.367745E-3	5.899416E-1	2.570356E-3	2.219411E+1	5.015925E-3	2.215288E+1	2.841992E-3	2.850302E+0	0.000000E+0	3.494057E+2	3.500000E+2	6.474600E+0	6.600000E+0	3.075452E-1	0.000000E+0	2.374246E-1	0.000000E+0	9.000000E-1	0.000000E+0	1.562877E-1	0.000000E+0	1.500000E-1	0.000000E+0
16.06.2025	16:34:20.4		1.916992E-3	8.428712E-3	2.227527E+1	2.156554E-3	2.286661E+0	6.042391E-3	1.923791E+1	2.800557E-3	1.687852E+1	3.739414E-3	2.022804E+1	2.701483E-3	1.247977E+1	3.101338E-2	1.078997E+0	1.088586E-1	2.213560E+1	2.149933E-3	5.365184E-1	2.327985E-3	2.181991E+1	2.287937E-3	1.749582E+0	5.580166E-3	2.178315E+1	6.086599E-3	5.891614E-1	4.005771E-3	2.219478E+1	6.560700E-3	2.215180E+1	1.117822E-3	3.200000E+0	0.000000E+0	3.487500E+2	3.500000E+2	6.478515E+0	6.600000E+0	3.600000E-1	0.000000E+0	1.500000E-1	0.000000E+0	9.000000E-1	0.000000E+0	1.736365E-1	0.000000E+0	1.500000E-1	0.000000E+0
16.06.2025	16:34:21.4		8.900335E-4	3.496216E-3	2.226517E+1	6.670379E-3	2.287022E+0	8.196178E-3	1.923419E+1	3.827473E-3	1.688199E+1	3.428814E-3	2.022429E+1	3.222577E-3	1.251663E+1	1.403554E-2	1.078892E+0	1.295628E-1	2.213052E+1	5.515998E-3	5.369012E-1	2.006943E-3	2.182092E+1	1.592680E-3	1.750214E+0	4.000329E-3	2.177973E+1	8.468489E-3	5.891588E-1	2.904390E-3	2.219132E+1	6.288404E-3	2.215285E+1	1.294372E-3	2.400000E+0	0.000000E+0	3.480000E+2	3.500000E+2	6.482025E+0	6.600000E+0	3.600000E-1	0.000000E+0	2.000000E-1	0.000000E+0	7.500000E-1	0.000000E+0	1.500000E-1	0.000000E+0	1.500000E-1	0.000000E+0
16.06.2025	16:34:22.4		6.600161E-4	1.560787E-3	2.226590E+1	3.630573E-3	2.284040E+0	8.222498E-3	1.923454E+1	6.452457E-3	1.688022E+1	6.829852E-3	2.022359E+1	4.004854E-3	1.251126E+1	1.282385E-2	1.089442E+0	1.127786E-1	2.213375E+1	3.361276E-3	5.375969E-1	3.057938E-3	2.182102E+1	2.403999E-3	1.751955E+0	7.817105E-3	2.178133E+1	5.077731E-3	5.904083E-1	5.889067E-3	2.219036E+1	4.536494E-3	2.215500E+1	6.810314E-4	2.941974E+0	0.000000E+0	3.487500E+2	3.500000E+2	6.469810E+0	6.600000E+0	3.600000E-1	0.000000E+0	1.500000E-1	0.000000E+0	6.000000E-1	0.000000E+0	1.322532E-1	0.000000E+0	1.306481E-1	0.000000E+0
16.06.2025	16:34:23.4		1.269319E-3	4.050260E-3	2.227134E+1	4.222725E-3	2.279727E+0	7.305465E-3	1.923829E+1	4.813329E-3	1.687624E+1	6.001754E-3	2.022538E+1	2.534315E-3	1.248738E+1	2.505932E-2	1.074758E+0	8.522605E-2	2.213142E+1	2.232291E-3	5.369945E-1	3.722542E-3	2.181909E+1	6.594105E-3	1.751065E+0	9.778134E-3	2.178160E+1	6.137612E-3	5.900884E-1	7.301091E-3	2.218672E+1	5.483265E-3	2.215362E+1	5.676795E-4	3.200000E+0	0.000000E+0	3.487500E+2	3.500000E+2	6.474600E+0	6.600000E+0	3.600000E-1	0.000000E+0	1.500000E-1	0.000000E+0	6.000000E-1	0.000000E+0	1.000000E-1	0.000000E+0	1.500000E-1	0.000000E+0
16.06.2025	16:34:24.4		1.463650E-3	4.933574E-3	2.227270E+1	5.104378E-3	2.278594E+0	7.079064E-3	1.923944E+1	3.929111E-3	1.687541E+1	5.296636E-3	2.022604E+1	1.908601E-3	1.248107E+1	2.864963E-2	1.068204E+0	7.731920E-2	2.212990E+1	2.297034E-3	5.367013E-1	3.792942E-3	2.181839E+1	8.053973E-3	1.750549E+0	9.851325E-3	2.178126E+1	7.050782E-3	5.898161E-1	7.334212E-3	2.218531E+1	6.029876E-3	2.215286E+1	6.504879E-4	3.200000E+0	0.000000E+0	3.489196E+2	3.500000E+2	6.476279E+0	6.600000E+0	2.400000E-1	0.000000E+0	1.226151E-1	0.000000E+0	7.839226E-1	0.000000E+0	5.000000E-2	0.000000E+0	1.200000E-1	0.000000E+0
16.06.2025	16:34:25.4		3.656628E-3	1.215608E-2	2.226733E+1	7.690509E-3	2.287264E+0	8.622774E-3	1.924281E+1	8.528195E-3	1.689599E+1	9.714466E-3	2.022920E+1	9.571741E-3	1.251251E+1	2.805667E-2	1.073055E+0	9.791560E-2	2.213132E+1	2.913421E-3	5.372961E-1	2.577231E-3	2.182049E+1	3.380492E-3	1.750538E+0	5.955136E-3	2.178296E+1	1.212354E-2	5.896053E-1	4.196919E-3	2.219223E+1	5.709999E-3	2.215594E+1	5.943250E-3	3.200000E+0	0.000000E+0	3.495000E+2	3.500000E+2	6.482025E+0	6.600000E+0	2.400000E-1	0.000000E+0	2.000000E-1	0.000000E+0	9.000000E-1	0.000000E+0	5.000000E-2	0.000000E+0	1.200000E-1	0.000000E+0
16.06.2025	16:34:26.4		1.985184E-3	6.730414E-3	2.227000E+1	3.014037E-3	2.290526E+0	6.904589E-3	1.924254E+1	5.665937E-3	1.689861E+1	4.373542E-3	2.022201E+1	7.699054E-3	1.249838E+1	1.519375E-2	1.073461E+0	1.012683E-1	2.213167E+1	2.745874E-3	5.376117E-1	2.589771E-3	2.181629E+1	3.959862E-3	1.750907E+0	4.218961E-3	2.178178E+1	6.520328E-3	5.902294E-1	3.315863E-3	2.219170E+1	3.148127E-3	2.215140E+1	5.200956E-3	3.182227E+0	0.000000E+0	3.487833E+2	3.500000E+2	6.474270E+0	6.600000E+0	3.026659E-1	0.000000E+0	1.522216E-1	0.000000E+0	7.500000E-1	0.000000E+0	1.500000E-1	0.000000E+0	1.500000E-1	0.000000E+0
16.06.2025	16:34:27.4		1.224171E-3	5.013477E-3	2.227213E+1	1.971681E-3	2.286927E+0	6.650053E-3	1.924162E+1	4.234678E-3	1.689680E+1	2.658714E-3	2.022446E+1	4.494407E-3	1.248945E+1	8.129438E-3	1.087356E+0	9.541714E-2	2.213560E+1	1.515332E-3	5.374469E-1	2.397556E-3	2.182291E+1	6.065287E-3	1.751035E+0	5.150904E-3	2.178639E+1	5.742217E-3	5.905323E-1	3.878015E-3	2.219539E+1	3.159657E-3	2.215388E+1	3.102158E-3	2.970532E+0	0.000000E+0	3.491803E+2	3.500000E+2	6.467175E+0	6.600000E+0	3.600000E-1	0.000000E+0	1.786835E-1	0.000000E+0	6.860505E-1	0.000000E+0	1.500000E-1	0.000000E+0	1.500000E-1	0.000000E+0
16.06.2025	16:34:28.4		1.595218E-3	5.887988E-3	2.227775E+1	6.822415E-4	2.286450E+0	7.017557E-3	1.924206E+1	4.743057E-3	1.690163E+1	3.200401E-3	2.022731E+1	5.021247E-3	1.250814E+1	1.284772E-2	1.090799E+0	9.483533E-2	2.213634E+1	9.676850E-4	5.373204E-1	2.898971E-3	2.182087E+1	6.804300E-3	1.750904E+0	7.510703E-3	2.179069E+1	2.263727E-3	5.905169E-1	5.707219E-3	2.219993E+1	1.029179E-3	2.215515E+1	5.046054E-3	3.200000E+0	0.000000E+0	3.487500E+2	3.500000E+2	6.467175E+0	6.600000E+0	3.600000E-1	0.000000E+0	1.500000E-1	0.000000E+0	6.000000E-1	0.000000E+0	1.500000E-1	0.000000E+0	1.500000E-1	0.000000E+0
16.06.2025	16:34:29.4		9.952471E-4	3.250826E-3	2.227856E+1	2.354509E-3	2.296812E+0	7.448357E-3	1.924365E+1	5.797670E-3	1.689936E+1	7.537761E-3	2.022753E+1	6.308978E-3	1.253500E+1	1.108671E-2	1.090853E+0	8.276926E-2	2.214208E+1	3.735338E-3	5.371657E-1	3.042504E-3	2.182201E+1	7.607504E-3	1.750457E+0	6.627414E-3	2.179093E+1	2.305083E-3	5.897809E-1	4.660915E-3	2.219778E+1	6.378735E-3	2.215854E+1	5.524154E-3	3.200000E+0	0.000000E+0	3.491663E+2	3.500000E+2	6.478722E+0	6.600000E+0	3.000000E-1	0.000000E+0	2.277553E-1	0.000000E+0	7.500000E-1	0.000000E+0	1.388776E-1	0.000000E+0	1.266734E-1	0.000000E+0
16.06.2025	16:34:30.4		1.869402E-3	9.061327E-3	2.227888E+1	3.712132E-3	2.296218E+0	9.044321E-3	1.925060E+1	2.567490E-3	1.690442E+1	7.252152E-3	2.023085E+1	4.970726E-3	1.253390E+1	4.383037E-3	1.078988E+0	6.622155E-2	2.214115E+1	7.418029E-3	5.370542E-1	3.640440E-3	2.182933E+1	5.571317E-3	1.750209E+0	7.899760E-3	2.179165E+1	2.953974E-3	5.891575E-1	6.061907E-3	2.219746E+1	1.107587E-2	2.216236E+1	5.303883E-3	3.200000E+0	0.000000E+0	3.480000E+2	3.500000E+2	6.467175E+0	6.600000E+0	3.000000E-1	0.000000E+0	1.500000E-1	0.000000E+0	7.500000E-1	0.000000E+0	1.000000E-1	0.000000E+0	1.500000E-1	0.000000E+0
16.06.2025	16:34:31.4		1.614017E-3	7.268879E-3	2.227529E+1	1.751054E-3	2.293336E+0	5.633839E-3	1.924154E+1	6.871325E-3	1.690101E+1	5.105180E-3	2.022355E+1	3.908238E-3	1.251878E+1	1.332518E-2	1.076917E+0	7.495866E-2	2.213522E+1	5.641737E-3	5.370060E-1	2.214830E-3	2.182132E+1	5.226035E-3	1.750443E+0	5.332669E-3	2.179239E+1	1.504312E-3	5.891989E-1	4.232096E-3	2.219011E+1	3.625273E-3	2.215838E+1	3.064004E-3	2.808950E+0	0.000000E+0	3.487668E+2	3.500000E+2	6.474766E+0	6.600000E+0	3.600000E-1	0.000000E+0	1.988812E-1	0.000000E+0	7.500000E-1	0.000000E+0	2.000000E-1	0.000000E+0	1.493287E-1	0.000000E+0
16.06.2025	16:34:32.4		1.628714E-3	4.703638E-3	2.226859E+1	2.921507E-3	2.298025E+0	5.720101E-3	1.924229E+1	4.334262E-3	1.690259E+1	4.894650E-3	2.022458E+1	2.109234E-3	1.248286E+1	2.057430E-2	1.090267E+0	9.219166E-2	2.213418E+1	3.802198E-3	5.373308E-1	2.277285E-3	2.181962E+1	3.317903E-3	1.751320E+0	5.104150E-3	2.178690E+1	4.426767E-3	5.899022E-1	3.994248E-3	2.218898E+1	2.453827E-3	2.215223E+1	2.425945E-3	3.200000E+0	0.000000E+0	3.495000E+2	3.500000E+2	6.478748E+0	6.600000E+0	3.070384E-1	0.000000E+0	1.941347E-1	0.000000E+0	7.500000E-1	0.000000E+0	1.779327E-1	0.000000E+0	1.200000E-1	0.000000E+0
16.06.2025	16:34:33.4		2.016148E-3	9.346340E-3	2.226941E+1	5.667636E-3	2.300684E+0	7.568734E-3	1.924245E+1	3.017444E-3	1.691063E+1	4.174643E-3	2.022365E+1	8.332389E-4	1.244795E+1	2.328569E-2	1.088691E+0	1.143698E-1	2.213370E+1	3.157074E-3	5.375118E-1	3.563537E-3	2.181954E+1	3.157399E-3	1.752569E+0	1.005920E-2	2.178089E+1	3.666094E-3	5.911893E-1	8.880017E-3	2.219350E+1	3.234220E-3	2.215267E+1	1.267236E-3	3.200000E+0	0.000000E+0	3.495000E+2	3.500000E+2	6.474600E+0	6.600000E+0	2.400000E-1	0.000000E+0	2.500000E-1	0.000000E+0	7.500000E-1	0.000000E+0	1.500000E-1	0.000000E+0	1.200000E-1	0.000000E+0
16.06.2025	16:34:34.4		2.122873E-3	1.118715E-2	2.227043E+1	6.412302E-3	2.300961E+0	8.040467E-3	1.924184E+1	3.156019E-3	1.691309E+1	3.864475E-3	2.022274E+1	5.839703E-4	1.243936E+1	2.384486E-2	1.086420E+0	1.208517E-1	2.213342E+1	3.031637E-3	5.375330E-1	3.946012E-3	2.181923E+1	3.382375E-3	1.752923E+0	1.175237E-2	2.177944E+1	2.915942E-3	5.915764E-1	1.058296E-2	2.219494E+1	3.264662E-3	2.215343E+1	8.161954E-4	3.200000E+0	0.000000E+0	3.485968E+2	3.500000E+2	6.469144E+0	6.600000E+0	3.440855E-1	0.000000E+0	1.632621E-1	0.000000E+0	6.397863E-1	0.000000E+0	1.234758E-1	0.000000E+0	1.420427E-1	0.000000E+0
16.06.2025	16:34:35.4		1.049630E-3	3.424978E-3	2.227229E+1	3.716526E-3	2.302773E+0	5.608377E-3	1.924623E+1	2.510792E-3	1.689620E+1	4.454089E-3	2.022703E+1	4.449714E-3	1.243161E+1	2.475490E-2	1.088521E+0	1.048180E-1	2.212950E+1	7.700295E-3	5.375067E-1	1.886497E-3	2.182139E+1	3.374217E-3	1.751537E+0	4.195394E-3	2.178377E+1	4.244345E-3	5.899584E-1	3.370219E-3	2.219355E+1	6.539309E-3	2.215856E+1	3.165049E-3	3.200000E+0	0.000000E+0	3.502500E+2	3.500000E+2	6.474600E+0	6.600000E+0	3.000000E-1	0.000000E+0	2.000000E-1	0.000000E+0	7.500000E-1	0.000000E+0	5.000000E-2	0.000000E+0	1.200000E-1	0.000000E+0
16.06.2025	16:34:36.4		1.549862E-3	5.100150E-3	2.227775E+1	4.865143E-3	2.298059E+0	6.241959E-3	1.924629E+1	3.539841E-3	1.690724E+1	8.119178E-3	2.022670E+1	6.836958E-3	1.243034E+1	1.910528E-2	1.092485E+0	8.790544E-2	2.213192E+1	7.450193E-3	5.372720E-1	1.204107E-3	2.182935E+1	2.336877E-3	1.751261E+0	2.684952E-3	2.178979E+1	1.310134E-3	5.899276E-1	2.406495E-3	2.220418E+1	4.364447E-3	2.216033E+1	2.028082E-3	3.095246E+0	0.000000E+0	3.487500E+2	3.500000E+2	6.467175E+0	6.600000E+0	3.078565E-1	0.000000E+0	2.000000E-1	0.000000E+0	7.500000E-1	0.000000E+0	1.000000E-1	0.000000E+0	1.500000E-1	0.000000E+0
16.06.2025	16:34:37.4		1.672410E-3	4.696717E-3	2.227119E+1	3.860264E-3	2.291535E+0	7.326471E-3	1.924355E+1	3.768853E-3	1.689882E+1	4.809688E-3	2.021734E+1	3.874482E-3	1.245614E+1	2.792902E-2	1.090692E+0	7.701836E-2	2.212844E+1	4.080089E-3	5.371971E-1	1.712152E-3	2.182421E+1	4.489470E-3	1.751354E+0	3.719798E-3	2.179039E+1	2.076444E-3	5.899355E-1	2.867286E-3	2.220069E+1	6.371466E-3	2.215532E+1	2.602096E-3	2.400000E+0	0.000000E+0	3.487500E+2	3.500000E+2	6.478182E+0	6.600000E+0	3.600000E-1	0.000000E+0	2.000000E-1	0.000000E+0	6.758768E-1	0.000000E+0	1.247077E-1	0.000000E+0	1.500000E-1	0.000000E+0
16.06.2025	16:34:38.4		1.991198E-3	6.039611E-3	2.226535E+1	1.826287E-3	2.294669E+0	8.268027E-3	1.924180E+1	5.063671E-3	1.689369E+1	1.256865E-3	2.021426E+1	3.707884E-3	1.246327E+1	1.701857E-2	1.094613E+0	6.375862E-2	2.212861E+1	5.249901E-3	5.378324E-1	3.894092E-3	2.181734E+1	3.571258E-3	1.752660E+0	7.938773E-3	2.178895E+1	3.614331E-3	5.907400E-1	6.276159E-3	2.219403E+1	3.005983E-3	2.215340E+1	2.234358E-3	2.400000E+0	0.000000E+0	3.480000E+2	3.500000E+2	6.489450E+0	6.600000E+0	3.600000E-1	0.000000E+0	2.000000E-1	0.000000E+0	6.000000E-1	0.000000E+0	1.500000E-1	0.000000E+0	1.500000E-1	0.000000E+0
16.06.2025	16:34:39.4		2.249097E-3	7.764852E-3	2.227428E+1	4.972274E-3	2.298495E+0	6.243732E-3	1.924689E+1	3.218208E-3	1.690354E+1	2.628002E-3	2.022192E+1	5.250790E-3	1.245586E+1	1.488244E-2	1.092166E+0	8.932455E-2	2.213435E+1	4.042780E-3	5.378416E-1	2.816137E-3	2.182204E+1	1.847917E-3	1.752808E+0	6.185611E-3	2.179095E+1	4.468204E-3	5.906715E-1	4.354522E-3	2.219576E+1	2.121546E-3	2.216086E+1	5.191642E-3	2.675505E+0	0.000000E+0	3.495000E+2	3.500000E+2	6.467175E+0	6.600000E+0	3.186743E-1	0.000000E+0	1.844381E-1	0.000000E+0	8.533142E-1	0.000000E+0	1.000000E-1	0.000000E+0	1.293372E-1	0.000000E+0
16.06.2025	16:34:40.4		1.826032E-3	8.693652E-3	2.227255E+1	3.606910E-3	2.296444E+0	6.617665E-3	1.925084E+1	4.052932E-3	1.690715E+1	2.318535E-3	2.022490E+1	5.815379E-3	1.247276E+1	7.327289E-3	1.090764E+0	7.904336E-2	2.213643E+1	4.962272E-3	5.371130E-1	2.430203E-3	2.182218E+1	3.182092E-3	1.751538E+0	5.285317E-3	2.178994E+1	4.467426E-3	5.896984E-1	3.327487E-3	2.219597E+1	3.940123E-3	2.215938E+1	4.981695E-3	2.400000E+0	0.000000E+0	3.495000E+2	3.500000E+2	6.467175E+0	6.600000E+0	3.600000E-1	0.000000E+0	1.500000E-1	0.000000E+0	7.500000E-1	0.000000E+0	1.000000E-1	0.000000E+0	1.500000E-1	0.000000E+0
